# wave transmission
3717.26 0
3747.28 0.0001
3777.3 0.0004
3807.88 0.0012
3837.89 0.0015
3867.89 0.0019
3897.9 0.0048
3927.9 0.0145
3957.9 0.0406
3987.89 0.0862
4017.88 0.1534
4047.87 0.2912
4077.85 0.4888
4107.83 0.611
4137.81 0.6454
4168.34 0.6547
4198.31 0.6528
4228.28 0.6775
4258.24 0.6921
4288.2 0.6856
4318.15 0.7105
4348.1 0.708
4378.62 0.7029
4408.56 0.703
4438.5 0.7208
4468.44 0.7148
4498.37 0.7047
4528.3 0.706
4558.78 0.7154
4588.7 0.707
4618.62 0.7208
4648.53 0.7302
4679.01 0.7034
4708.91 0.7165
4738.81 0.733
4768.71 0.7361
4799.16 0.7323
4829.05 0.7325
4858.94 0.7303
4888.82 0.7347
4919.25 0.7445
4949.13 0.7423
4978.99 0.7451
5009.42 0.7395
5039.28 0.7287
5069.13 0.7122
5099.54 0.7168
5129.39 0.7276
5159.23 0.7267
5189.63 0.7098
5219.46 0.6605
5249.29 0.6361
5279.67 0.6603
5309.49 0.6811
5339.87 0.6565
5369.68 0.5188
5399.48 0.3022
5429.84 0.1443
5459.64 0.0674
5489.99 0.0325
5519.77 0.0172
5550.12 0.0096
5579.89 0.0058
5610.23 0.0037
5639.99 0.0025
5670.32 0.0017
5700.07 0.0012
5730.38 0.0008
5760.13 0.0006
5790.43 0.0004

