# wave transmission
3146.87 0
3176.94 0.0007
3207.02 0.0046
3237.09 0.0612
3267.16 0.2249
3296.65 0.2851
3326.72 0.3115
3356.78 0.3286
3386.83 0.3463
3416.89 0.3473
3446.94 0.3643
3476.99 0.3873
3507.03 0.3948
3537.07 0.3937
3567.11 0.4113
3597.15 0.4476
3627.18 0.4548
3657.21 0.4601
3687.24 0.4715
3717.26 0.4676
3747.28 0.4426
3777.3 0.4555
3807.88 0.3658
3837.89 0.1984
3867.89 0.098
3897.9 0.045
3927.9 0.0219
3957.9 0.0107
3987.89 0.0056
4017.88 0.0031
4047.87 0.0018
4077.85 0.0012
4107.83 0.0008
4137.81 0.0005 
