# J_vista
8.000000000000000000e+03 0.000000000000000000e+00
8.027027027027026634e+03 0.000000000000000000e+00
8.054054054054054177e+03 1.752718124652071015e-06
8.081081081081081720e+03 1.182593222379379124e-05
8.108108108108108354e+03 6.354918160554734311e-06
8.135135135135134988e+03 0.000000000000000000e+00
8.162162162162162531e+03 0.000000000000000000e+00
8.189189189189190074e+03 0.000000000000000000e+00
8.216216216216216708e+03 0.000000000000000000e+00
8.243243243243243342e+03 0.000000000000000000e+00
8.270270270270269975e+03 0.000000000000000000e+00
8.297297297297298428e+03 -6.176011401044366731e-06
8.324324324324325062e+03 0.000000000000000000e+00
8.351351351351351695e+03 0.000000000000000000e+00
8.378378378378378329e+03 0.000000000000000000e+00
8.405405405405404963e+03 -9.358040294445183437e-06
8.432432432432431597e+03 -1.483518474684587273e-05
8.459459459459460049e+03 -2.218911894325781447e-05
8.486486486486486683e+03 6.290887928110606013e-06
8.513513513513513317e+03 -4.058732549901942376e-05
8.540540540540539951e+03 -5.248874506795322585e-05
8.567567567567568403e+03 6.353261587179856082e-05
8.594594594594593218e+03 2.367818968497559815e-04
8.621621621621619852e+03 1.287589905427304700e-04
8.648648648648648305e+03 1.677767206982395726e-04
8.675675675675674938e+03 1.830213190653991911e-04
8.702702702702701572e+03 2.071555635881631356e-04
8.729729729729730025e+03 2.154568818283530334e-04
8.756756756756756658e+03 2.200736065643815048e-04
8.783783783783783292e+03 2.044432519650581190e-04
8.810810810810809926e+03 1.786921978404641881e-04
8.837837837837836560e+03 1.708178947723828698e-04
8.864864864864865012e+03 1.686486689143817052e-04
8.891891891891891646e+03 1.823814548538792125e-04
8.918918918918918280e+03 1.802205015419515032e-04
8.945945945945946733e+03 2.122489046789431460e-04
8.972972972972973366e+03 2.206879955936533731e-04
9.000000000000000000e+03 2.260402196640000133e-04
9.027027027027026634e+03 2.280853505202768078e-04
9.054054054054053267e+03 2.135623225099314527e-04
9.081081081081081720e+03 2.003903652512925603e-04
9.108108108108108354e+03 1.800822839174102540e-04
9.135135135135134988e+03 1.616506296186878060e-04
9.162162162162163440e+03 1.470160568400218147e-04
9.189189189189190074e+03 1.311003975536882541e-04
9.216216216216216708e+03 1.241898545522867074e-04
9.243243243243243342e+03 1.042333199349562299e-04
9.270270270270269975e+03 9.439485893811090851e-05
9.297297297297298428e+03 8.004831240603585841e-05
9.324324324324323243e+03 6.769241208068531811e-05
9.351351351351351695e+03 5.325788904959554803e-05
9.378378378378378329e+03 4.073391350078141163e-05
9.405405405405404963e+03 3.733014918493785092e-05
9.432432432432431597e+03 2.741388191940702005e-05
9.459459459459460049e+03 3.008849807468504255e-05
9.486486486486486683e+03 3.970530006659427324e-05
9.513513513513513317e+03 4.542502923935009683e-05
9.540540540540539951e+03 5.225738406834280086e-05
9.567567567567568403e+03 5.538286940592808839e-05
9.594594594594593218e+03 5.319444495663079153e-05
9.621621621621619852e+03 4.826648988153045723e-05
9.648648648648648305e+03 4.535175678035736105e-05
9.675675675675674938e+03 3.264759452391585048e-05
9.702702702702701572e+03 2.617980100739364797e-05
9.729729729729730025e+03 1.619425198468088108e-05
9.756756756756756658e+03 6.189043142005478145e-06
9.783783783783783292e+03 6.355153974164436051e-06
9.810810810810809926e+03 2.687117631286049564e-06
9.837837837837836560e+03 4.252086936754565282e-06
9.864864864864865012e+03 4.255320237416361775e-06
9.891891891891891646e+03 3.407237332002921488e-06
9.918918918918918280e+03 2.650577622933069907e-06
9.945945945945946733e+03 2.214132581928325273e-06
9.972972972972973366e+03 3.415887963947991062e-06
1.000000000000000000e+04 5.983609807000000296e-06
1.002702702702702663e+04 4.276226368245069254e-06
1.005405405405405327e+04 5.830137369742543616e-06
1.008108108108108172e+04 5.903242920511701415e-06
1.010810810810810835e+04 4.980290521132272890e-06
1.013513513513513499e+04 5.563413796347671904e-06
1.016216216216216344e+04 2.947664732529579536e-06
1.018918918918919007e+04 3.576166287448626293e-06
1.021621621621621489e+04 3.253067608673288018e-07
1.024324324324324152e+04 2.302558016946547826e-06
1.027027027027026998e+04 8.379007052370544210e-07
1.029729729729729661e+04 2.981614874616587814e-06
1.032432432432432506e+04 7.455316068556814533e-07
1.035135135135134988e+04 3.568944938977224452e-06
1.037837837837838015e+04 3.593813689603842383e-06
1.040540540540540314e+04 3.923851699175623861e-06
1.043243243243243342e+04 6.263206658518079899e-06
1.045945945945945823e+04 5.239603153911842498e-06
1.048648648648648668e+04 5.454252346587243873e-06
1.051351351351351332e+04 7.498037161679760514e-06
1.054054054054054177e+04 7.030415369666174275e-06
1.056756756756756658e+04 9.757010625857746042e-06
1.059459459459459686e+04 9.951020312122535265e-06
1.062162162162161985e+04 8.692866877265158839e-06
1.064864864864865012e+04 1.095344827857057836e-05
1.067567567567567494e+04 1.169140512188114618e-05
1.070270270270270157e+04 1.417007435615353638e-05
1.072972972972973002e+04 1.735533313867105022e-05
1.075675675675675666e+04 1.859116275794928791e-05
1.078378378378378329e+04 2.267594679908458392e-05
1.081081081081080993e+04 2.357678752005405742e-05
1.083783783783783656e+04 2.914127069684781856e-05
1.086486486486486501e+04 3.540343821768036372e-05
1.089189189189189165e+04 3.779423787844342868e-05
1.091891891891891828e+04 4.437176307715481465e-05
1.094594594594594673e+04 5.658440218043875856e-05
1.097297297297297337e+04 6.769281733371802833e-05
1.100000000000000000e+04 -1.754859478400000276e-04
1.102702702702702663e+04 -5.728554346917840226e-04
1.105405405405405327e+04 2.921015073494164535e-04
1.108108108108108172e+04 -1.611119410069219299e-04
1.110810810810810835e+04 4.139993738628898294e-04
1.113513513513513499e+04 -5.486299421201286776e-04
1.116216216216216344e+04 1.511067387495028413e-04
1.118918918918918644e+04 7.088261547394276172e-04
1.121621621621621671e+04 7.816220383252522788e-05
1.124324324324324152e+04 1.068398231141448780e-03
1.127027027027026998e+04 1.401214370159430470e-03
1.129729729729729661e+04 1.658943532568334447e-03
1.132432432432432506e+04 2.829166883686004292e-03
1.135135135135134988e+04 3.224751917282830515e-03
1.137837837837838015e+04 4.589441011414683962e-03
1.140540540540540314e+04 6.473486684298760535e-03
1.143243243243243342e+04 8.721917397649200931e-03
1.145945945945945823e+04 1.219538799991434254e-02
1.148648648648648668e+04 1.815260711889057563e-02
1.151351351351351332e+04 2.822258897216437662e-02
1.154054054054054177e+04 4.389500735422700167e-02
1.156756756756756658e+04 7.054373483552731083e-02
1.159459459459459686e+04 1.176462708147519159e-01
1.162162162162161985e+04 1.978860319309412030e-01
1.164864864864865012e+04 3.248168824833754798e-01
1.167567567567567494e+04 4.778716698640282923e-01
1.170270270270270157e+04 6.076437350013048633e-01
1.172972972972973002e+04 6.695730874917112940e-01
1.175675675675675666e+04 6.795782405568341344e-01
1.178378378378378329e+04 6.659733195473532819e-01
1.181081081081080993e+04 6.522079067793814522e-01
1.183783783783783656e+04 6.447229123719773192e-01
1.186486486486486501e+04 6.451296543867622857e-01
1.189189189189189165e+04 6.535620419032325268e-01
1.191891891891891828e+04 6.661399972381243373e-01
1.194594594594594673e+04 6.818475423104081168e-01
1.197297297297297337e+04 6.977382775423038863e-01
1.200000000000000000e+04 7.125828553018199729e-01
1.202702702702702663e+04 7.254480128470833789e-01
1.205405405405405327e+04 7.347636932075005678e-01
1.208108108108108172e+04 7.423483634893378591e-01
1.210810810810810835e+04 7.472340857206073439e-01
1.213513513513513499e+04 7.505210988803643346e-01
1.216216216216216344e+04 7.521417130557294106e-01
1.218918918918918644e+04 7.551544740616226159e-01
1.221621621621621671e+04 7.578102043926460141e-01
1.224324324324324152e+04 7.602298900136030824e-01
1.227027027027026998e+04 7.631328927000992079e-01
1.229729729729729661e+04 7.687056189023284691e-01
1.232432432432432506e+04 7.731672230239388099e-01
1.235135135135134988e+04 7.777430369425769596e-01
1.237837837837838015e+04 7.819866001125685973e-01
1.240540540540540314e+04 7.845633865989650735e-01
1.243243243243243342e+04 7.855278016264634067e-01
1.245945945945945823e+04 7.845554904082238101e-01
1.248648648648648668e+04 7.805502664745415098e-01
1.251351351351351332e+04 7.747031775939549059e-01
1.254054054054054177e+04 7.647084602796402342e-01
1.256756756756756658e+04 7.518901402750141072e-01
1.259459459459459686e+04 7.397229576111914451e-01
1.262162162162161985e+04 7.314340432541137638e-01
1.264864864864865012e+04 7.205027235022156695e-01
1.267567567567567494e+04 7.076294462829275655e-01
1.270270270270270157e+04 6.999929726907526684e-01
1.272972972972973002e+04 6.974700928063036764e-01
1.275675675675675666e+04 6.943173218780378519e-01
1.278378378378378329e+04 6.889363651497001362e-01
1.281081081081080993e+04 6.927976622609562929e-01
1.283783783783783656e+04 7.029925827816426720e-01
1.286486486486486501e+04 7.067609164537175248e-01
1.289189189189189165e+04 7.120521337860945543e-01
1.291891891891891828e+04 7.296094858654825765e-01
1.294594594594594673e+04 7.384713396685256281e-01
1.297297297297297337e+04 7.453760987746130828e-01
1.300000000000000000e+04 7.657206246174520503e-01
1.302702702702702663e+04 7.691185621114559057e-01
1.305405405405405327e+04 7.812597562266696549e-01
1.308108108108108172e+04 7.931067539262283139e-01
1.310810810810810835e+04 7.901875153607481606e-01
1.313513513513513499e+04 8.029210160249371508e-01
1.316216216216216344e+04 7.944894512584014246e-01
1.318918918918918644e+04 7.927110153526893965e-01
1.321621621621621671e+04 7.831838323659952028e-01
1.324324324324324152e+04 7.519447406864184780e-01
1.327027027027026998e+04 7.241680173894136097e-01
1.329729729729729661e+04 6.649940384513512992e-01
1.332432432432432506e+04 6.035924896888945623e-01
1.335135135135134988e+04 5.145991386095806197e-01
1.337837837837838015e+04 4.314704015903123580e-01
1.340540540540540314e+04 3.405575378131277531e-01
1.343243243243243342e+04 2.649182281057452792e-01
1.345945945945945823e+04 1.964414138576311419e-01
1.348648648648648668e+04 1.466413438347099751e-01
1.351351351351351332e+04 1.078698450561906552e-01
1.354054054054054177e+04 7.883553474156242136e-02
1.356756756756756658e+04 5.659466858487735563e-02
1.359459459459459686e+04 4.171927317539515789e-02
1.362162162162161985e+04 3.084632971723111350e-02
1.364864864864864830e+04 2.285446922238550810e-02
1.367567567567567494e+04 1.751232072505404941e-02
1.370270270270270157e+04 1.352339247335238026e-02
1.372972972972973002e+04 1.018324879694281274e-02
1.375675675675675666e+04 8.223126437186454446e-03
1.378378378378378329e+04 6.841313283620235712e-03
1.381081081081080993e+04 4.301397639164086448e-03
1.383783783783783656e+04 3.244847177707584247e-03
1.386486486486486501e+04 4.009174379946709409e-03
1.389189189189189165e+04 1.963064652095623634e-03
1.391891891891891828e+04 1.936064585405005214e-03
1.394594594594594673e+04 1.458495418242912282e-03
1.397297297297297337e+04 9.395582585595075231e-04
1.400000000000000000e+04 1.115011829736000130e-03
1.402702702702702663e+04 1.256323240422023597e-03
1.405405405405405327e+04 8.739497718451308362e-04
1.408108108108108172e+04 1.819535630682317135e-04
1.410810810810810835e+04 9.086985372033764207e-05
1.413513513513513499e+04 7.750429727764599538e-04
1.416216216216216344e+04 4.192679286194779943e-04
1.418918918918918644e+04 -4.097987292526661840e-04
1.421621621621621671e+04 6.502212141110409434e-04
1.424324324324324152e+04 4.937544250673752490e-05
1.427027027027026998e+04 3.588068765287276722e-04
1.429729729729729661e+04 7.259096551968297929e-04
1.432432432432432506e+04 7.624096802511912303e-04
1.435135135135134988e+04 4.874408951926367833e-05
1.437837837837838015e+04 1.043206936065428376e-03
1.440540540540540314e+04 -4.308507390637533220e-04
1.443243243243243342e+04 2.739314680286856758e-04
1.445945945945945823e+04 2.268678090694239329e-04
1.448648648648648668e+04 -5.210375867065640749e-06
1.451351351351351332e+04 -1.265712159200491691e-05
1.454054054054054177e+04 7.986327484237784298e-04
1.456756756756756658e+04 5.064645563568690268e-06
1.459459459459459686e+04 2.578545793153744410e-04
1.462162162162161985e+04 1.258990031444399309e-04
1.464864864864864830e+04 -2.659581479120379276e-04
1.467567567567567494e+04 -2.242521522575180698e-04
1.470270270270270157e+04 1.547945510374653679e-04
1.472972972972973002e+04 -9.876108906550539260e-04
1.475675675675675666e+04 -2.204293411096425257e-04
1.478378378378378329e+04 9.745970371439672164e-05
1.481081081081080993e+04 5.348975985714591068e-04
1.483783783783783656e+04 1.820989564162140252e-04
1.486486486486486501e+04 7.336400715135840385e-04
1.489189189189189165e+04 -3.879767643763101857e-04
1.491891891891891828e+04 -1.268518746358383734e-04
1.494594594594594673e+04 -2.778187615789541858e-04
1.497297297297297337e+04 2.649192040559512429e-04
1.500000000000000000e+04 -8.098942755199999574e-04
1.502702702702702663e+04 2.540956095658888529e-05
1.505405405405405327e+04 2.043160629394002873e-05
1.508108108108108172e+04 1.645237773507573622e-05
1.510810810810810835e+04 3.263870914567747070e-05
1.513513513513513317e+04 3.175429490761905112e-05
1.516216216216216344e+04 3.277355963741194594e-05
1.518918918918918644e+04 2.941474044805518162e-05
1.521621621621621671e+04 2.948459256678100766e-05
1.524324324324324334e+04 2.887541948770455246e-05
1.527027027027026998e+04 2.945373870712558753e-05
1.529729729729729843e+04 2.858394985436275016e-05
1.532432432432432506e+04 2.859039940424726062e-05
1.535135135135135170e+04 2.753967681075230109e-05
1.537837837837838015e+04 2.937233565073521223e-05
1.540540540540540314e+04 2.674920269725675304e-05
1.543243243243243160e+04 2.674917483165668042e-05
1.545945945945945823e+04 2.587534859700011460e-05
1.548648648648648486e+04 2.643812059605966832e-05
1.551351351351351332e+04 2.768610195722717184e-05
1.554054054054053995e+04 2.492338905180789524e-05
1.556756756756756658e+04 2.561898120798908373e-05
1.559459459459459322e+04 2.770135216341781999e-05
1.562162162162161985e+04 2.678216464722512629e-05
1.564864864864864830e+04 2.744965119087738905e-05
1.567567567567567494e+04 2.665096148285654525e-05
1.570270270270270157e+04 2.678840003008443768e-05
1.572972972972973002e+04 2.676431380909956209e-05
1.575675675675675666e+04 2.615897124182640763e-05
1.578378378378378329e+04 2.771611765993717955e-05
1.581081081081080993e+04 2.771634768672973206e-05
1.583783783783783656e+04 2.535114029204328369e-05
1.586486486486486501e+04 2.725167671964868519e-05
1.589189189189189165e+04 2.864732860457940117e-05
1.591891891891891828e+04 2.865568850714120193e-05
1.594594594594594673e+04 3.087826664537157944e-05
1.597297297297297337e+04 2.985831474463792272e-05
1.600000000000000000e+04 2.958198663679999728e-05
1.602702702702702663e+04 3.116159158260573285e-05
1.605405405405405327e+04 3.236186103237691887e-05
1.608108108108108172e+04 3.432583461291510289e-05
1.610810810810810835e+04 3.514775297903140861e-05
1.613513513513513499e+04 3.235377797706611027e-05
1.616216216216216344e+04 3.554869721989839195e-05
1.618918918918919007e+04 3.877820472101255607e-05
1.621621621621621671e+04 3.736095170667425112e-05
1.624324324324324334e+04 3.917169332381922246e-05
1.627027027027026998e+04 3.979087176837019631e-05
1.629729729729729843e+04 4.071698361850811012e-05
1.632432432432432506e+04 4.164752280659166832e-05
1.635135135135135170e+04 4.362449142698610782e-05
1.637837837837837651e+04 4.272643371232210296e-05
1.640540540540540314e+04 4.720319242308430429e-05
1.643243243243242978e+04 4.952063832407296124e-05
1.645945945945946005e+04 5.092574002062307919e-05
1.648648648648648668e+04 5.614729667681218905e-05
1.651351351351351332e+04 5.616587412115383899e-05
1.654054054054053995e+04 6.126393108538004644e-05
1.656756756756756658e+04 6.573859721508035377e-05
1.659459459459459322e+04 6.667758336800642038e-05
1.662162162162161985e+04 7.240007248411180966e-05
1.664864864864864649e+04 7.569676226272803725e-05
1.667567567567567312e+04 8.216633249974128082e-05
1.670270270270270339e+04 9.061188540551807168e-05
1.672972972972973002e+04 9.447985509729730591e-05
1.675675675675675666e+04 1.031442804067474639e-04
1.678378378378378329e+04 1.081603357966764159e-04
1.681081081081080993e+04 1.152031439484380368e-04
1.683783783783783656e+04 1.162116109207656113e-04
1.686486486486486319e+04 1.167382337582330997e-04
1.689189189189189347e+04 1.195229176387340949e-04
1.691891891891892010e+04 1.204541877731702044e-04
1.694594594594594673e+04 1.151103212569718311e-04
1.697297297297297337e+04 1.102716095017092777e-04
1.700000000000000000e+04 1.037728115199999844e-04
1.702702702702702663e+04 9.803142107023191511e-05
1.705405405405405327e+04 8.654935917397464792e-05
1.708108108108107990e+04 7.734852676489945998e-05
1.710810810810810653e+04 6.691616253326246430e-05
1.713513513513513681e+04 6.067646383970345562e-05
1.716216216216216344e+04 4.965187100609359442e-05
1.718918918918919007e+04 4.634726330275383576e-05
1.721621621621621671e+04 4.276236273404909109e-05
1.724324324324324334e+04 3.304349263834424378e-05
1.727027027027026998e+04 3.427486765388549050e-05
1.729729729729729661e+04 3.015881407516964578e-05
1.732432432432432688e+04 3.018572771190753475e-05
1.735135135135135351e+04 2.675180335771101432e-05
1.737837837837837651e+04 2.936050124204659062e-05
1.740540540540540314e+04 2.880919722863378639e-05
1.743243243243242978e+04 3.266416988723973096e-05
1.745945945945946005e+04 3.068011221710238186e-05
1.748648648648648668e+04 3.581900872081208087e-05
1.751351351351351332e+04 3.959107034109528799e-05
1.754054054054053995e+04 4.674253674122910663e-05
1.756756756756756658e+04 6.233933947255282501e-05
1.759459459459459322e+04 7.077623636391383501e-05
1.762162162162161985e+04 8.200697592324172902e-05
1.764864864864864649e+04 8.869786803699912666e-05
1.767567567567567312e+04 9.026970993817829889e-05
1.770270270270270339e+04 8.886246757527105377e-05
1.772972972972973002e+04 7.792546551019135831e-05
1.775675675675675666e+04 6.634942488609200581e-05
1.778378378378378329e+04 5.082524777483331344e-05
1.781081081081080993e+04 4.122667719758217137e-05
1.783783783783783656e+04 3.116246993156805554e-05
1.786486486486486319e+04 2.317818508367163916e-05
1.789189189189189347e+04 1.504352638180755351e-05
1.791891891891892010e+04 1.028638061424717404e-05
1.794594594594594673e+04 6.857447415589785155e-06
1.797297297297297337e+04 4.353905879323497746e-06
1.800000000000000000e+04 9.256788072000001240e-07
1.802702702702702663e+04 3.051329936468120461e-06
1.805405405405405327e+04 1.851037013794594674e-06
1.808108108108107990e+04 1.000407592103777467e-07
1.810810810810810653e+04 1.850292998286486345e-06
1.813513513513513681e+04 1.849855079084148977e-06
1.816216216216216344e+04 2.574629850590366670e-06
1.818918918918919007e+04 0.000000000000000000e+00
1.821621621621621671e+04 2.423734239171181954e-06
1.824324324324324334e+04 0.000000000000000000e+00
1.827027027027026998e+04 9.492024631209776830e-07
1.829729729729729661e+04 1.847994918858144662e-06
1.832432432432432688e+04 3.571742639825607484e-06
1.835135135135134988e+04 4.369370170183924778e-06
1.837837837837837651e+04 1.073807555079691166e-06
1.840540540540540314e+04 2.846657722133073478e-06
1.843243243243242978e+04 3.020597352953607968e-06
1.845945945945946005e+04 4.990123125461766932e-08
1.848648648648648668e+04 2.171613880100021086e-06
1.851351351351351332e+04 0.000000000000000000e+00
1.854054054054053995e+04 9.982301636620589194e-08
1.856756756756756658e+04 2.295686422606132094e-06
1.859459459459459322e+04 0.000000000000000000e+00
1.862162162162161985e+04 9.232924439450695189e-07
1.864864864864864649e+04 0.000000000000000000e+00
1.867567567567567312e+04 2.370550173806616559e-06
1.870270270270270339e+04 4.990336526544068573e-07
1.872972972972973002e+04 1.871894121358761846e-06
1.875675675675675666e+04 0.000000000000000000e+00
1.878378378378378329e+04 3.345146865596397192e-06
1.881081081081080993e+04 1.847524679731190546e-06
1.883783783783783656e+04 1.997358101096189094e-07
1.886486486486486319e+04 4.495257934869319393e-07
1.889189189189189347e+04 2.772576523377063072e-06
1.891891891891892010e+04 1.999344382059923474e-07
1.894594594594594673e+04 1.299534059960922030e-06
1.897297297297297337e+04 0.000000000000000000e+00
1.900000000000000000e+04 3.701892374399999609e-06
1.902702702702702663e+04 -6.002775408741487653e-06
1.905405405405405327e+04 0.000000000000000000e+00
1.908108108108107990e+04 0.000000000000000000e+00
1.910810810810810653e+04 3.004106559215142487e-06
1.913513513513513681e+04 1.803044396954554081e-06
1.916216216216216344e+04 4.008098684508688596e-07
1.918918918918919007e+04 2.004516857233884524e-06
1.921621621621621671e+04 0.000000000000000000e+00
1.924324324324324334e+04 6.217099170773205878e-06
1.927027027027026998e+04 0.000000000000000000e+00
1.929729729729729661e+04 0.000000000000000000e+00
1.932432432432432688e+04 2.910578114704476609e-06
1.935135135135134988e+04 1.054112772903706814e-06
1.937837837837837651e+04 1.857642333800292130e-06
1.940540540540540314e+04 1.004256640572271455e-06
1.943243243243242978e+04 4.870943406473573090e-06
1.945945945945946005e+04 1.506843684436608885e-07
1.948648648648648668e+04 4.697358766255228650e-06
1.951351351351351332e+04 0.000000000000000000e+00
1.954054054054053995e+04 1.005373780298690588e-07
1.956756756756756658e+04 2.086082348536739100e-06
1.959459459459459322e+04 9.301063796873629510e-07
1.962162162162161985e+04 7.769352926131349628e-06
1.964864864864864649e+04 0.000000000000000000e+00
1.967567567567567312e+04 4.374959715015867594e-06
1.970270270270270339e+04 5.756443706236940948e-06
1.972972972972973002e+04 3.619977955016690189e-06
1.975675675675675666e+04 7.442819462789189701e-06
1.978378378378378329e+04 1.759973703603861953e-06
1.981081081081080993e+04 1.123814091546446745e-05
1.983783783783783656e+04 1.408353596580264953e-06
1.986486486486486319e+04 7.014347990147579114e-06
1.989189189189189347e+04 1.508575430511960337e-06
1.991891891891892010e+04 6.209298581947255403e-06
1.994594594594594673e+04 7.468240355850823295e-06
1.997297297297297337e+04 2.137153399007466692e-06
2.000000000000000000e+04 7.436424047999998790e-06
2.002702702702702663e+04 0.000000000000000000e+00
2.005405405405405327e+04 4.849441167473740065e-06
2.008108108108107990e+04 2.009543469843550124e-07
2.010810810810810653e+04 5.225708851388811655e-06
2.013513513513513681e+04 1.809029588156890971e-06
2.016216216216216344e+04 4.646629738842950878e-06
2.018918918918919007e+04 -2.185212424428004077e-06
2.021621621621621671e+04 -1.758088994489179783e-06
2.024324324324324334e+04 0.000000000000000000e+00
2.027027027027026998e+04 9.542445034670188977e-07
2.029729729729729661e+04 8.287599332708680890e-06
2.032432432432432324e+04 8.034073911070528193e-07
2.035135135135134988e+04 3.716494976783053478e-06
2.037837837837837651e+04 3.013134020992971384e-07
2.040540540540540314e+04 5.223203920810473369e-06
2.043243243243242978e+04 3.514279350735364165e-06
2.045945945945946005e+04 1.807105137024962195e-06
2.048648648648648305e+04 3.438620891717367098e-06
2.051351351351351332e+04 0.000000000000000000e+00
2.054054054054053995e+04 1.177349674537362577e-05
2.056756756756756658e+04 0.000000000000000000e+00
2.059459459459459322e+04 6.775677039370873820e-06
2.062162162162161985e+04 5.119078666737957281e-06
2.064864864864865012e+04 2.408919641750261466e-06
2.067567567567567312e+04 2.658985726682346842e-06
2.070270270270269975e+04 5.016868926826103953e-07
2.072972972972973002e+04 1.881473998204309452e-06
2.075675675675676030e+04 0.000000000000000000e+00
2.078378378378378329e+04 6.723327113451317850e-06
2.081081081081080629e+04 1.705704715066649725e-06
2.083783783783783656e+04 7.549650771854502236e-06
2.086486486486486683e+04 2.333085257879113833e-06
2.089189189189189347e+04 3.135401132074065787e-06
2.091891891891891646e+04 5.568400385010809768e-06
2.094594594594594673e+04 1.103440790318465588e-06
2.097297297297297337e+04 1.304075509241592778e-06
2.100000000000000000e+04 0.000000000000000000e+00
2.102702702702702663e+04 7.522708678161587122e-06
2.105405405405405327e+04 3.309142554772197796e-06
2.108108108108108354e+04 5.565568277405260091e-06
2.110810810810810653e+04 3.134507302118288821e-06
2.113513513513513317e+04 2.331409214387853843e-06
2.116216216216216344e+04 5.890916893811674381e-06
2.118918918918919371e+04 8.522221807409886151e-07
2.121621621621621671e+04 3.509829327122597666e-07
2.124324324324323970e+04 1.203000758782107193e-06
2.127027027027026998e+04 9.322880679983501848e-06
2.129729729729730025e+04 1.503648506876292722e-06
2.132432432432432688e+04 3.984327039088220655e-06
2.135135135135134988e+04 4.009339549435465659e-06
2.137837837837837287e+04 5.110691012967099071e-06
2.140540540540540314e+04 5.613190139443939087e-06
2.143243243243243342e+04 -3.507479183696778050e-06
2.145945945945946005e+04 3.607618010394511830e-06
2.148648648648648305e+04 1.202716647168548412e-06
2.151351351351351332e+04 8.719155862569625073e-06
2.154054054054053995e+04 5.009655614562156608e-08
2.156756756756756658e+04 1.853452397708107821e-06
2.159459459459459322e+04 5.009370910861548116e-07
2.162162162162161985e+04 -8.364442497074548442e-06
2.164864864864865012e+04 1.051786204814551740e-06
2.167567567567567312e+04 0.000000000000000000e+00
2.170270270270269975e+04 0.000000000000000000e+00
2.172972972972973002e+04 -4.507092589725102259e-06
2.175675675675676030e+04 6.761435345331357981e-07
2.178378378378378329e+04 0.000000000000000000e+00
2.181081081081080629e+04 3.930353154326535217e-06
2.183783783783783656e+04 8.011601307436979490e-07
2.186486486486486683e+04 3.154120203204196481e-06
2.189189189189189347e+04 6.358175631822378116e-06
2.191891891891891646e+04 1.001241639558393448e-07
2.194594594594594673e+04 1.526438887796169295e-06
2.197297297297297337e+04 -9.256388920844411855e-06
2.200000000000000000e+04 1.665920596320000419e-05
2.202702702702702663e+04 -9.254505980777209652e-06
2.205405405405405327e+04 6.352098279549321122e-06
2.208108108108108354e+04 -5.001552554106095902e-07
2.210810810810810653e+04 -3.999998338065662349e-06
2.213513513513513317e+04 6.948723545928391550e-06
2.216216216216216344e+04 2.999800811934888619e-06
2.218918918918919371e+04 1.669579357768715059e-05
2.221621621621621671e+04 6.994391866384104069e-07
2.224324324324323970e+04 1.453732431391786875e-05
2.227027027027026998e+04 3.720662235203563326e-06
2.229729729729729661e+04 2.152208573121206842e-05
2.232432432432432688e+04 7.989382560099914477e-07
2.235135135135134988e+04 1.744425495937640004e-05
2.237837837837837287e+04 1.504626313994420251e-05
2.240540540540540314e+04 1.745885082629833555e-06
2.243243243243243342e+04 2.448568526514511480e-05
2.245945945945946005e+04 1.470727896566184912e-06
2.248648648648648305e+04 2.297591963621225055e-05
2.251351351351351332e+04 -5.032984880724692724e-06
2.254054054054053995e+04 8.190659737861112483e-06
2.256756756756756658e+04 -1.194885178187365811e-06
2.259459459459459322e+04 1.052636554344604307e-05
2.262162162162161985e+04 2.637239359277446145e-06
2.264864864864865012e+04 3.530500030224959052e-06
2.267567567567567312e+04 1.014414572048497786e-05
2.270270270270269975e+04 -1.342223702853104229e-05
2.272972972972973002e+04 1.036424194419277826e-05
2.275675675675676030e+04 -2.310901832896146852e-05
2.278378378378378329e+04 1.880772936727729302e-05
2.281081081081080629e+04 -1.489932504832351918e-05
2.283783783783783656e+04 1.831977272609501664e-05
2.286486486486486683e+04 1.738485435918834563e-07
2.289189189189189347e+04 -1.985799902285139212e-06
2.291891891891891646e+04 -8.188523582188293547e-06
2.294594594594594673e+04 -2.629606333627363620e-06
2.297297297297297337e+04 -1.439070040727981481e-06
2.300000000000000000e+04 -9.174184650000001044e-06
2.302702702702702663e+04 1.255089248644901262e-05
2.305405405405405327e+04 -1.234858118148266738e-05
2.308108108108108354e+04 2.092856047925293434e-05
2.310810810810810653e+04 9.174878805979546286e-07
2.313513513513513317e+04 1.480398221787162594e-05
2.316216216216216344e+04 2.553741879510241831e-06
2.318918918918919371e+04 8.430436108841679600e-07
2.321621621621621671e+04 7.785545529442648114e-06
2.324324324324323970e+04 5.480349137641234978e-06
2.327027027027026998e+04 5.358642402044696345e-06
2.329729729729729661e+04 4.761806572402695134e-06
2.332432432432432688e+04 4.988516230700424647e-06
2.335135135135134988e+04 1.059626679904907713e-05
2.337837837837837287e+04 7.944751804339103519e-06
2.340540540540540314e+04 1.986124340363659746e-07
2.343243243243243342e+04 -3.477886748548459318e-06
2.345945945945946005e+04 5.365907674198559178e-06
2.348648648648648305e+04 2.163032731854644088e-06
2.351351351351351332e+04 0.000000000000000000e+00
2.354054054054053995e+04 1.991076272168150058e-07
2.356756756756756658e+04 6.670859653163251219e-06
2.359459459459459322e+04 1.917043658869931001e-06
2.362162162162161985e+04 0.000000000000000000e+00
2.364864864864865012e+04 7.969952402054229014e-07
2.367567567567567312e+04 -7.224713684627538470e-06
2.370270270270269975e+04 9.961574910063554457e-07
2.372972972972973002e+04 3.760796599450200663e-06
2.375675675675676030e+04 1.881738395530446341e-05
2.378378378378378329e+04 8.740668575732715742e-06
2.381081081081080629e+04 8.728655715254900527e-06
2.383783783783783656e+04 1.635867676693627927e-05
2.386486486486486683e+04 -9.186317475279038493e-06
2.389189189189189347e+04 5.011063004293253207e-06
2.391891891891891646e+04 7.924073909088752941e-07
2.394594594594594673e+04 6.234501057046988416e-06
2.397297297297297337e+04 -5.281188100878506118e-06
2.400000000000000000e+04 3.647818139999998927e-06
2.402702702702702663e+04 0.000000000000000000e+00
2.405405405405405327e+04 0.000000000000000000e+00
2.408108108108108354e+04 1.222183110229056828e-06
2.410810810810810653e+04 -2.438182318132981450e-06
2.413513513513513317e+04 -5.055399779486455320e-06
2.416216216216216344e+04 9.039499229583775188e-06
2.418918918918919371e+04 5.484582824132496627e-06
2.421621621621621671e+04 -1.687037088304046893e-06
2.424324324324323970e+04 1.161283124589383211e-05
2.427027027027026998e+04 9.045200879820270660e-06
2.429729729729729661e+04 5.221907548436345414e-06
2.432432432432432688e+04 -1.388214215929423275e-05
2.435135135135134988e+04 7.656356088460744452e-07
2.437837837837837287e+04 -1.626872212136566145e-05
2.440540540540540314e+04 9.572931585972769037e-07
2.443243243243243342e+04 1.340504160820278534e-06
2.445945945945946005e+04 6.053714217387134251e-06
2.448648648648648305e+04 2.181713586758679866e-05
2.451351351351351332e+04 1.373926267446616778e-05
2.454054054054053995e+04 1.657287776056495993e-05
2.456756756756756658e+04 1.411557061028849425e-05
2.459459459459459322e+04 -2.365397768751914530e-07
2.462162162162161985e+04 -6.582142538116537319e-06
2.464864864864865012e+04 1.128690318399742840e-05
2.467567567567567312e+04 -1.301951309134335728e-05
2.470270270270269975e+04 -3.420136455031512038e-06
2.472972972972973002e+04 -1.686149195544244425e-05
2.475675675675676030e+04 -1.331117562616788449e-06
2.478378378378378329e+04 -6.554607309861414759e-06
2.481081081081080629e+04 2.981736556572112964e-05
2.483783783783783656e+04 7.703148191121201433e-05
2.486486486486486683e+04 2.567370961593689317e-05
2.489189189189189347e+04 -6.301463192045233286e-06
2.491891891891891646e+04 -1.129428895913334065e-06
2.494594594594594673e+04 -9.073526282396022499e-06
2.497297297297297337e+04 -4.055566018729886543e-06
2.500000000000000000e+04 2.858624010399999555e-06
2.502702702702702663e+04 6.934338862877323590e-05
2.505405405405405327e+04 9.900025170388194724e-05
2.508108108108108354e+04 7.630222863881216326e-05
2.510810810810810653e+04 1.263164243320542910e-04
2.513513513513513317e+04 1.599190493650757324e-04
2.516216216216216344e+04 6.658789751711618760e-05
2.518918918918919371e+04 -3.571600198515347793e-05
2.521621621621621671e+04 2.724627693885589748e-05
2.524324324324323970e+04 1.260274072539967931e-04
2.527027027027026634e+04 4.965551018588196968e-05
2.529729729729729661e+04 -4.135354173247877681e-05
2.532432432432432688e+04 -4.929122213346983446e-05
2.535135135135134988e+04 -6.068367500280885072e-05
2.537837837837837287e+04 -2.620612845356869061e-05
2.540540540540540314e+04 1.761587541845767451e-05
2.543243243243243342e+04 8.869381794257143081e-06
2.545945945945946005e+04 5.638752386444235731e-06
2.548648648648648668e+04 -1.309460779717824471e-06
2.551351351351351332e+04 -2.901515203508325255e-05
2.554054054054053995e+04 2.957107179357631459e-05
2.556756756756756658e+04 -1.069364730852520497e-06
2.559459459459459686e+04 9.147644107660627574e-06
2.562162162162161985e+04 1.306446443849913278e-05
2.564864864864865012e+04 1.190604023851190359e-06
2.567567567567567312e+04 2.163266998466298874e-06
2.570270270270270339e+04 8.999301676421126261e-06
2.572972972972973002e+04 6.490129289888177325e-07
2.575675675675676030e+04 2.805447686112124122e-06
2.578378378378378329e+04 3.852507710783748763e-06
2.581081081081080629e+04 -5.683054016796050789e-06
2.583783783783783656e+04 -1.523694692628889746e-05
2.586486486486486319e+04 1.163083461239456602e-06
2.589189189189189347e+04 8.993636020383644693e-07
2.591891891891891646e+04 -1.756948856667233951e-06
2.594594594594594673e+04 -9.197952506344350813e-07
2.597297297297296973e+04 -1.603762340137022376e-06
2.600000000000000000e+04 6.500557349945609201e-06
2.602702702702702663e+04 3.147125330981200522e-06
2.605405405405405327e+04 1.033710343244668097e-06
2.608108108108107990e+04 5.155506797649485390e-06
2.610810810810810653e+04 7.574100293218467734e-06
2.613513513513513317e+04 5.831188796404435130e-06
2.616216216216216344e+04 2.098609287186215989e-06
2.618918918918918644e+04 1.301957938018023674e-06
2.621621621621621671e+04 5.219541939961258249e-06
2.624324324324323970e+04 7.940662791583735582e-06
2.627027027027026998e+04 5.555632314459191723e-06
2.629729729729729661e+04 2.789232184349472431e-06
2.632432432432432688e+04 9.319963925184400371e-07
2.635135135135134988e+04 4.836423818646878829e-07
2.637837837837838015e+04 -3.705282814084258748e-07
2.640540540540540314e+04 -2.576464324288738278e-06
2.643243243243243342e+04 -2.266830262503108269e-06
2.645945945945946005e+04 7.124300631198269431e-07
2.648648648648648668e+04 6.814768644361627727e-07
2.651351351351351332e+04 1.510504506497196290e-06
2.654054054054053995e+04 2.950067219787266854e-06
2.656756756756756658e+04 4.187265730204923219e-06
2.659459459459459686e+04 3.944838497844403022e-06
2.662162162162161985e+04 -2.831972870025379226e-07
2.664864864864865012e+04 -2.071756992295843262e-06
2.667567567567567312e+04 -5.939507649685283490e-07
2.670270270270270339e+04 4.480194155664185615e-06
2.672972972972973002e+04 2.838431227062828765e-06
2.675675675675675302e+04 6.581245702933570240e-07
2.678378378378378329e+04 1.767508433396131537e-07
2.681081081081080629e+04 2.806619005002189751e-06
2.683783783783783656e+04 2.339902901649499011e-06
2.686486486486486319e+04 -7.116981267776476926e-07
2.689189189189189347e+04 -2.609736427569186954e-06
2.691891891891891646e+04 -8.705474228115235679e-07
2.694594594594594673e+04 2.642009397530557259e-06
2.697297297297296973e+04 3.491777808779908273e-06
2.700000000000000000e+04 1.981754490129109953e-06
2.702702702702702663e+04 -1.750699130656648575e-06
2.705405405405405327e+04 -1.861796823607386070e-06
2.708108108108107990e+04 4.169409436024618248e-07
2.710810810810810653e+04 2.293680040862451668e-06
2.713513513513513317e+04 5.352709983525106498e-08
2.716216216216216344e+04 5.588225341181612592e-07
2.718918918918918644e+04 1.944414072693314023e-06
2.721621621621621671e+04 2.748025886107403648e-06
2.724324324324323970e+04 -8.799383456430894449e-07
2.727027027027026998e+04 -6.487518074651312282e-07
2.729729729729729661e+04 2.195825976729450273e-07
2.732432432432432688e+04 7.394753096896745330e-07
2.735135135135134988e+04 -4.642789997559981813e-07
2.737837837837838015e+04 -5.926202199709638291e-08
2.740540540540540314e+04 1.164515877655592623e-06
2.743243243243243342e+04 2.614164820773335329e-06
2.745945945945946005e+04 5.407569386677260675e-07
2.748648648648648668e+04 -5.823052117282336877e-07
2.751351351351351332e+04 -6.394831534478697912e-07
2.754054054054053995e+04 -1.532813431653607340e-06
2.756756756756756658e+04 -2.186959503745240909e-06
2.759459459459459686e+04 -1.879742260165704170e-06
2.762162162162161985e+04 3.282362750415171282e-07
2.764864864864865012e+04 1.931453282542141103e-06
2.767567567567567312e+04 2.722961569464966295e-06
2.770270270270270339e+04 2.600038757221222107e-06
2.772972972972973002e+04 5.922272850924731293e-07
2.775675675675675302e+04 -4.358077896894352241e-07
2.778378378378378329e+04 -8.964044403066624741e-07
2.781081081081080629e+04 -1.234038408804758750e-06
2.783783783783783656e+04 -2.199440124807033437e-06
2.786486486486486319e+04 -2.327522237613569744e-06
2.789189189189189347e+04 -6.851727573590538607e-07
2.791891891891891646e+04 -1.694674163839932092e-06
2.794594594594594673e+04 -1.585222629143870780e-06
2.797297297297296973e+04 -1.207823262480840063e-07
2.800000000000000000e+04 -9.264824594194675981e-07
2.802702702702702663e+04 -3.207797377831229250e-07
2.805405405405405327e+04 1.159636419977940996e-06
2.808108108108107990e+04 1.897698201822474701e-06
2.810810810810810653e+04 3.020838457946421468e-07
2.813513513513513317e+04 -1.864304404332221965e-06
2.816216216216216344e+04 -2.008581321270067592e-06
2.818918918918918644e+04 4.633526663027426111e-07
2.821621621621621671e+04 2.729495413691511835e-06
2.824324324324323970e+04 2.193624413743159171e-06
2.827027027027026998e+04 1.096922436686439842e-06
2.829729729729729661e+04 1.612371479361903187e-07
2.832432432432432688e+04 -1.582602925100632192e-07
2.835135135135134988e+04 2.318656276211128126e-07
2.837837837837838015e+04 7.484601661095621631e-07
2.840540540540540314e+04 1.253831581472341639e-06
2.843243243243243342e+04 2.393751459428139317e-07
2.845945945945946005e+04 1.901219854763691443e-07
2.848648648648648668e+04 2.209330908461840542e-06
2.851351351351351332e+04 1.797097440739914351e-06
2.854054054054053995e+04 8.912203695370087483e-07
2.856756756756756658e+04 -2.421256343683546204e-07
2.859459459459459686e+04 -6.693786729636632723e-07
2.862162162162161985e+04 -1.049217633430042397e-06
2.864864864864865012e+04 -1.560786255334429740e-06
2.867567567567567312e+04 -4.251114827027463397e-07
2.870270270270270339e+04 5.010330948689576878e-07
2.872972972972973002e+04 1.638581271805262474e-07
2.875675675675675302e+04 2.060502797898783579e-06
2.878378378378378329e+04 3.183636430979685201e-06
2.881081081081080629e+04 7.820039004639340803e-08
2.883783783783783656e+04 4.668299788406712847e-07
2.886486486486486319e+04 1.678900248455293952e-06
2.889189189189189347e+04 3.194747390649860881e-07
2.891891891891891646e+04 9.051806162543901669e-08
2.894594594594594673e+04 3.552192471543268043e-07
2.897297297297296973e+04 -1.081795222979682322e-06
2.900000000000000000e+04 -1.035451672197760066e-06
2.902702702702702663e+04 3.207560651262657601e-07
2.905405405405405327e+04 -5.696045145386574553e-07
2.908108108108107990e+04 -3.530968894139382214e-07
2.910810810810810653e+04 1.512626500520777583e-06
2.913513513513513317e+04 1.293255815677558053e-06
2.916216216216216344e+04 9.078130713370606647e-07
2.918918918918918644e+04 1.042516773135352200e-06
2.921621621621621671e+04 -2.651428113004776952e-08
2.924324324324323970e+04 -1.506942722378022222e-06
2.927027027027026998e+04 -2.267834789968252686e-06
2.929729729729729661e+04 -1.340683341588123729e-06
2.932432432432432688e+04 1.034356413155080685e-06
2.935135135135134988e+04 1.397318857425346334e-06
2.937837837837838015e+04 7.965033663275022711e-07
2.940540540540540314e+04 -1.360544790120264905e-06
2.943243243243243342e+04 -1.017067505556243085e-06
2.945945945945946005e+04 6.390263037974255973e-08
2.948648648648648668e+04 8.863432694359259638e-07
2.951351351351351332e+04 1.066130205601608573e-06
2.954054054054053995e+04 7.277441481207139367e-07
2.956756756756756658e+04 1.961585135677217200e-06
2.959459459459459686e+04 2.488642893372813758e-06
2.962162162162161985e+04 1.344933317435037262e-06
2.964864864864865012e+04 1.570966228642572501e-06
2.967567567567567312e+04 2.400942864992203612e-06
2.970270270270270339e+04 3.620227930083857500e-06
2.972972972972973002e+04 3.372807396783645516e-06
2.975675675675675302e+04 1.316689280448006422e-06
2.978378378378378329e+04 1.503422789343204467e-06
2.981081081081080629e+04 2.208880599104155585e-06
2.983783783783783656e+04 2.922952782252698130e-06
2.986486486486486319e+04 4.304273691323783410e-06
2.989189189189189347e+04 6.267830181234869158e-06
2.991891891891891646e+04 4.913263290731344831e-06
2.994594594594594673e+04 4.103507297771694738e-06
2.997297297297296973e+04 6.899300593406435299e-06
3.000000000000000000e+04 6.917280269688000111e-06
3.002702702702702663e+04 4.799806170266642075e-06
3.005405405405405327e+04 5.472265328160563259e-06
3.008108108108107990e+04 6.357560642724470747e-06
3.010810810810810653e+04 6.906629908368290498e-06
3.013513513513513317e+04 6.080376501491708173e-06
3.016216216216216344e+04 4.162221509756192613e-06
3.018918918918918644e+04 5.563571834462942129e-06
3.021621621621621671e+04 7.308992513620519477e-06
3.024324324324323970e+04 8.340672128303966394e-06
3.027027027027026998e+04 9.831140919714532938e-06
3.029729729729729661e+04 1.184068382915173969e-05
3.032432432432432688e+04 1.318753944627106208e-05
3.035135135135134988e+04 1.459014611762728102e-05
3.037837837837838015e+04 1.762314067823673666e-05
3.040540540540540314e+04 2.057312097336549828e-05
3.043243243243243342e+04 2.322554634531539240e-05
3.045945945945946005e+04 2.752808858977727970e-05
3.048648648648648668e+04 3.307013946183952428e-05
3.051351351351351332e+04 3.990319292329125490e-05
3.054054054054053995e+04 4.780848947796933308e-05
3.056756756756756658e+04 5.752618881194633408e-05
3.059459459459459686e+04 6.845898978856228279e-05
3.062162162162161985e+04 8.054787570787988102e-05
3.064864864864865012e+04 9.652215932339805687e-05
3.067567567567567312e+04 1.145759170269301742e-04
3.070270270270269975e+04 1.479592884584583702e-04
3.072972972972973002e+04 1.835117782995251414e-04
3.075675675675675302e+04 2.229686003676045725e-04
3.078378378378378329e+04 2.659479712054777412e-04
3.081081081081080629e+04 3.115654422689139585e-04
3.083783783783783656e+04 3.639737371054434342e-04
3.086486486486486319e+04 4.173900646130305971e-04
3.089189189189189347e+04 4.790019035422129492e-04
3.091891891891891646e+04 5.290059907596076369e-04
3.094594594594594673e+04 5.504655745903200758e-04
3.097297297297296973e+04 5.426774590035654978e-04
3.100000000000000000e+04 5.056525723962047511e-04
3.102702702702702663e+04 4.500086276921939086e-04
3.105405405405405327e+04 3.880729449924575432e-04
3.108108108108107990e+04 3.377510591832968935e-04
3.110810810810810653e+04 2.898781149813807858e-04
3.113513513513513317e+04 2.445327950736214109e-04
3.116216216216216344e+04 2.018317948540909116e-04
3.118918918918918644e+04 1.623655330210090932e-04
3.121621621621621671e+04 1.315804837517238024e-04
3.124324324324323970e+04 1.075877673127326379e-04
3.127027027027026998e+04 9.518588289700168775e-05
3.129729729729729661e+04 8.675108753292518646e-05
3.132432432432432688e+04 7.533107735710109954e-05
3.135135135135134988e+04 6.448737278885068643e-05
3.137837837837838015e+04 5.474314441242268805e-05
3.140540540540540314e+04 4.676749351580403012e-05
3.143243243243243342e+04 4.181141393313978887e-05
3.145945945945946005e+04 3.834100486609244416e-05
3.148648648648648668e+04 3.633274531697493654e-05
3.151351351351351332e+04 3.352651021556639425e-05
3.154054054054053995e+04 3.038881985777032801e-05
3.156756756756756658e+04 2.764114565899925807e-05
3.159459459459459686e+04 2.508752015810826225e-05
3.162162162162161985e+04 2.309745390282220832e-05
3.164864864864865012e+04 2.136464548914235545e-05
3.167567567567567312e+04 2.082785177020983404e-05
3.170270270270269975e+04 2.043469086714019009e-05
3.172972972972973002e+04 2.036090767111361225e-05
3.175675675675675302e+04 1.923367428963296272e-05
3.178378378378378329e+04 1.651075331687364589e-05
3.181081081081080629e+04 1.508769317868866998e-05
3.183783783783783656e+04 1.480380745172127276e-05
3.186486486486486319e+04 1.456652203646750638e-05
3.189189189189189347e+04 1.435666419513362870e-05
3.191891891891891646e+04 1.385240352616756769e-05
3.194594594594594673e+04 1.326837034473802646e-05
3.197297297297296973e+04 1.355697713510901878e-05
3.200000000000000000e+04 1.395734470505999962e-05
3.210000000000000000e+04 0.0000000000000000000000
