# z_vista
7.983983983983984217e+03 0.000000000000000000e+00
8.082082082082082707e+03 1.283873612014422693e-03
8.180180180180179377e+03 1.319901990903456918e-02
8.278278278278277867e+03 2.676066111531150149e-01
8.376376376376376356e+03 6.698642088358172098e-01
8.474474474474474846e+03 7.006541231768647071e-01
8.572572572572573335e+03 7.174081380585530798e-01
8.670670670670671825e+03 7.331355099974090628e-01
8.768768768768768496e+03 7.401036898867106029e-01
8.866866866866866985e+03 7.494557163124085930e-01
8.964964964964965475e+03 7.616762851776333054e-01
9.063063063063062145e+03 7.586155444941482529e-01
9.161161161161160635e+03 7.621795340843702249e-01
9.259259259259259125e+03 4.994933262599449142e-01
9.357357357357357614e+03 3.891036115302752563e-02
9.455455455455456104e+03 1.150406224801996330e-03
9.553553553553554593e+03 -1.713461368358344802e-03
9.651651651651651264e+03 -2.450442414955847619e-03
9.749749749749749753e+03 -2.713649145361349962e-03
9.847847847847846424e+03 -2.551931717886486272e-03
9.945945945945946733e+03 -2.730763517711614231e-03
1.004404404404404340e+04 -2.823839743574607999e-03
1.014214214214214189e+04 -2.745269431541465157e-03
1.024024024024024038e+04 -2.839575454248826920e-03
1.033833833833834069e+04 -2.832488598577390538e-03
1.043643643643643554e+04 -2.798214794135251305e-03
1.053453453453453403e+04 -2.640560017340120354e-03
1.063263263263263252e+04 -3.019867713600421673e-03
1.073073073073072919e+04 -2.620297443210382188e-03
1.082882882882882768e+04 -2.903281871227455808e-03
1.092692692692692617e+04 -2.863318001765523604e-03
1.102502502502502466e+04 -2.722320784278701306e-03
1.112312312312312315e+04 -2.613135811336592899e-03
1.122122122122122164e+04 -3.164722606419817594e-03
1.131931931931932013e+04 -2.834695324224705167e-03
1.141741741741741862e+04 -2.835333664366911088e-03
1.151551551551551711e+04 -2.929593371621583200e-03
1.161361361361361378e+04 -2.724199432275314567e-03
1.171171171171171227e+04 -2.745884745454021513e-03
1.180980980980981076e+04 -3.033055295915035744e-03
1.190790790790790561e+04 -2.698921797204103037e-03
1.200600600600600592e+04 -2.953685452837902323e-03
1.210410410410410259e+04 -2.778833950908558576e-03
1.220220220220220290e+04 -2.981914194177429783e-03
1.230030030030029957e+04 -2.966114466250370073e-03
1.239839839839839988e+04 -2.984486073000233632e-03
1.249649649649649655e+04 -2.794081057476671768e-03
1.259459459459459322e+04 -3.027575091579552333e-03
1.269269269269269171e+04 -2.982539051554787980e-03
1.279079079079079020e+04 -2.902561444343480530e-03
1.288888888888888869e+04 -2.818506835276814865e-03
1.298698698698698718e+04 -2.930300500293371666e-03
1.308508508508508567e+04 -2.951833887659383558e-03
1.318318318318318234e+04 -3.000241692015135145e-03
1.328128128128128083e+04 -3.014527707547609830e-03
1.337937937937937932e+04 -3.012091601549311392e-03
1.347747747747747781e+04 -2.872218124304747652e-03
1.357557557557557629e+04 -2.595934431316663637e-03
1.367367367367367478e+04 -2.864406059835264244e-03
1.377177177177177145e+04 -2.999338464781568965e-03
1.386986986986986994e+04 -3.109009828643844332e-03
1.396796796796796843e+04 -2.799905569546237965e-03
1.406606606606606692e+04 -2.893730222073019002e-03
1.416416416416416541e+04 -2.787484463490249881e-03
1.426226226226226390e+04 -3.096015549103230038e-03
1.436036036036035875e+04 -2.932896487482849601e-03
1.445845845845845906e+04 -2.845743923879764763e-03
1.455655655655655573e+04 -2.999334380903199808e-03
1.465465465465465604e+04 -3.032438450909009497e-03
1.475275275275275271e+04 -2.967447501686427871e-03
1.485085085085084938e+04 -2.851336006114746618e-03
1.494894894894894787e+04 -2.843386067927417861e-03
1.504704704704704636e+04 -2.578322500267732700e-03
1.514514514514514485e+04 -2.764531171523736380e-03
1.524324324324324334e+04 -3.071906145672106004e-03
1.534134134134134183e+04 -2.951794300771639137e-03
1.543943943943943850e+04 -2.951289815191826971e-03
1.553753753753753699e+04 -3.138395609950412214e-03
1.563563563563563548e+04 -2.902543347085193102e-03
1.573373373373373397e+04 -2.898035732598129056e-03
1.583183183183183246e+04 -3.049380717358496796e-03
1.592992992992993095e+04 -2.864926720467913905e-03
1.602802802802802762e+04 -2.866231576145497097e-03
1.612612612612612611e+04 -3.017081532656655778e-03
1.622422422422422460e+04 -3.000202958523963750e-03
1.632232232232232309e+04 -3.146750666507582440e-03
1.642042042042042158e+04 -3.147239166646317865e-03
1.651851851851851825e+04 -3.056191494074073957e-03
1.661661661661661492e+04 -2.932652434558950458e-03
1.671471471471471523e+04 -3.056798061102951585e-03
1.681281281281281190e+04 -2.872396652410002908e-03
1.691091091091091221e+04 -2.872229850753211817e-03
1.700900900900900888e+04 -2.779900300920380273e-03
1.710710710710710919e+04 -2.966225905538312588e-03
1.720520520520520586e+04 -3.058750979789999838e-03
1.730330330330330253e+04 -2.965744185034147051e-03
1.740140140140140284e+04 -2.953116342614180937e-03
1.749949949949949951e+04 -3.146793604409461008e-03
1.759759759759759982e+04 -2.872606265127207285e-03
1.769569569569569285e+04 -3.017367285703190672e-03
1.779379379379379316e+04 -2.964138213219352173e-03
1.789189189189189347e+04 -3.056263845621782268e-03
1.798998998998999014e+04 -3.054978508452978365e-03
1.808808808808808681e+04 -2.793613699068630586e-03
1.818618618618618711e+04 -3.051873327164658731e-03
1.828428428428428379e+04 -2.680162883837516451e-03
1.838238238238238046e+04 -2.565173887378432906e-03
1.848048048048048076e+04 -2.682744240970754562e-03
1.857857857857857744e+04 -2.861898244840994140e-03
1.867667667667667774e+04 -2.923818510535634071e-03
1.877477477477477441e+04 -2.722302877918739671e-03
1.887287287287287108e+04 -2.983474345612811655e-03
1.897097097097097139e+04 -2.867475398211328033e-03
1.906906906906906806e+04 -2.870682626618652200e-03
1.916716716716716837e+04 -2.859389911923750430e-03
1.926526526526526504e+04 -3.154504761611407870e-03
1.936336336336336535e+04 -3.033294831100193621e-03
1.946146146146146202e+04 -2.946394349190562065e-03
1.955955955955955869e+04 -2.882847137047874365e-03
1.965765765765765900e+04 -2.998220890030521731e-03
1.975575575575575567e+04 -2.844604008808002214e-03
1.985385385385385598e+04 -2.883910948140706084e-03
1.995195195195195265e+04 -3.052090736784441975e-03
2.005005005005004932e+04 -1.016200047795205593e-05
2.014814814814814599e+04 -7.078102146866180799e-05
2.024624624624624630e+04 -2.726317744261308202e-04
2.034434434434434661e+04 1.266314572691667193e-04
2.044244244244244328e+04 6.604221233642353040e-04
2.054054054054053995e+04 5.442669145766513466e-04
2.063863863863864026e+04 1.290508445674633752e-04
2.073673673673674057e+04 3.235271303703953275e-05
2.083483483483483724e+04 4.716624812693536047e-04
2.093293293293293391e+04 2.270548861515815826e-04
2.103103103103103422e+04 1.729117131430966641e-05
2.112912912912912725e+04 -4.060692585947336844e-04
2.122722722722722756e+04 -2.993696073014367321e-05
2.132532532532532423e+04 2.687275635867432638e-04
2.142342342342342454e+04 -1.506255947142018370e-04
2.152152152152152121e+04 5.784887323520334360e-05
2.161961961961962152e+04 -2.085569833559853853e-04
2.171771771771771455e+04 2.689662651280710676e-04
2.181581581581581122e+04 4.626017630380144848e-04
2.191391391391391153e+04 1.674471217141961266e-05
2.201201201201201184e+04 5.117965202254257974e-04
2.211011011011010851e+04 6.215170611915212841e-04
2.220820820820820518e+04 2.632345001519114714e-04
2.230630630630630549e+04 2.916167882467737664e-03
2.240440440440440580e+04 -1.448904981514056273e-04
2.250250250250250247e+04 -4.553802851206492793e-04
2.260060060060059914e+04 -2.578297005412661107e-04
2.269869869869869945e+04 -4.545392521880807003e-04
2.279679679679679975e+04 2.912842184574719996e-04
2.289489489489489642e+04 4.499559780916290489e-04
2.299299299299299309e+04 -6.033911339604978562e-04
2.309109109109109340e+04 -1.125448592071383650e-04
2.318918918918918644e+04 5.388536397567504502e-04
2.328728728728728674e+04 5.370956456077669201e-04
2.338538538538538342e+04 5.542822941740643567e-04
2.348348348348348372e+04 3.169288977338433305e-04
2.358158158158158039e+04 -5.641619008999799231e-05
2.367967967967968070e+04 2.936894951888083336e-04
2.377777777777777737e+04 -2.469749796370290600e-04
2.387587587587587768e+04 -4.513645661149404045e-04
2.397397397397397435e+04 2.753904060804753212e-04
2.407207207207207466e+04 -1.107238077070090137e-04
2.417017017017017133e+04 4.712864866631402477e-04
2.426826826826826436e+04 -1.579902424577623329e-04
2.436636636636636467e+04 7.192556774732487487e-04
2.446446446446446498e+04 1.925258437570723935e-05
2.456256256256256165e+04 6.522619177239129035e-05
2.466066066066065832e+04 1.426205086669304217e-04
2.475875875875875863e+04 1.263217788938008419e-04
2.485685685685685894e+04 2.615831184843430703e-04
2.495495495495495561e+04 7.457457032301183664e-04
2.505305305305305228e+04 2.240188540310791279e-04
2.515115115115115259e+04 5.953672834279936878e-05
2.524924924924925290e+04 -2.473379486891896318e-04
2.534734734734734957e+04 -7.213755896481476787e-06
2.544544544544544260e+04 3.439330070569706510e-05
2.554354354354354291e+04 -3.091139941226013163e-05
2.564164164164163958e+04 3.859151923719972863e-05
2.573973973973973989e+04 3.292821299599425566e-05
2.583783783783783656e+04 -1.152524231694648645e-06
2.593593593593593687e+04 -4.554165460794915028e-07
2.603403403403403354e+04 4.698915523793502693e-06
2.613213213213213385e+04 -3.115417905047053426e-06
2.623023023023023052e+04 5.834614904229112110e-06
2.632832832832833083e+04 2.211001942764978473e-06
2.642642642642642750e+04 2.067290973831288577e-06
2.652452452452452781e+04 1.647297528619164746e-07
2.662262262262262084e+04 -4.061199571787157461e-06
2.672072072072071751e+04 2.846878434652022798e-06
2.681881881881881782e+04 -9.210222473356049055e-07
2.691691691691691813e+04 3.047043966000776663e-08
2.701501501501501480e+04 4.885841596458779719e-06
2.711311311311311147e+04 1.940748152678495074e-06
2.721121121121121178e+04 -4.953568862857475395e-06
2.730930930930931208e+04 1.487210289271688019e-06
2.740740740740740875e+04 1.399387076808476451e-06
2.750550550550550543e+04 1.114492374561355156e-06
2.760360360360360573e+04 -1.194950686983425624e-06
2.770170170170169877e+04 2.217581572918604287e-07
2.779979979979979908e+04 1.089743077441665221e-06
2.789789789789789575e+04 -4.645233181306082969e-07
2.799599599599599605e+04 -8.914993464652737344e-07
2.809409409409409272e+04 1.409706978964903019e-06
2.819219219219219303e+04 -1.426823992767084726e-06
2.829029029029028970e+04 5.228022108495883060e-07
2.838838838838839001e+04 -6.445923381213410574e-07
2.848648648648648668e+04 6.502704048563424169e-07
2.858458458458458699e+04 1.814779038125997375e-06
2.868268268268268366e+04 1.021679213686323035e-06
2.878078078078078397e+04 -1.348680887603112147e-07
2.887887887887887700e+04 3.493732959659049679e-07
2.897697697697697731e+04 2.023593964191837408e-07
2.907507507507507398e+04 -6.160833659235263212e-08
2.917317317317317065e+04 -1.723936923730586907e-07
2.927127127127127096e+04 -3.097548809350836084e-07
2.936936936936937127e+04 -2.077389053609652601e-06
2.946746746746746794e+04 1.820740116305815139e-06
2.956556556556556461e+04 1.496022225108267112e-06
2.966366366366366492e+04 5.354274621873736165e-07
2.976176176176176523e+04 1.331523502837645862e-07
2.985985985985986190e+04 -2.843551289594752958e-07
2.995795795795795857e+04 2.433897034574997454e-07
3.005605605605605524e+04 -1.182468664514080943e-07
3.015415415415415191e+04 7.443993321302083737e-07
3.025225225225225222e+04 8.597183046677554729e-07
3.035035035035034889e+04 -8.263645439134531003e-07
3.044844844844844920e+04 -1.788691788940863378e-07
3.054654654654654587e+04 7.433363935903748995e-07
3.064464464464464618e+04 1.951776817288542375e-06
3.074274274274274285e+04 -5.572984730326325932e-07
3.084084084084084316e+04 -7.414980020815857577e-07
3.093893893893893983e+04 1.004333633903892989e-06
3.103703703703704014e+04 7.087938241822851273e-07
3.113513513513513317e+04 -1.893603707496823327e-06
3.123323323323322984e+04 1.488053701066953474e-07
3.133133133133133015e+04 4.102942554805767221e-07
3.142942942942943046e+04 6.213562791070572370e-07
3.152752752752752713e+04 1.004853261340266766e-06
3.162562562562562380e+04 9.970884004211771900e-08
3.172372372372372411e+04 4.961544622678227309e-08
3.182182182182182441e+04 5.704508048063377068e-07
3.191991991991992109e+04 9.318526044085897869e-07
3.201801801801801776e+04 -3.582924458791659256e-07
3.211611611611611806e+04 -1.072171131647836154e-07
3.221421421421421837e+04 -2.459803085762883305e-07
3.231231231231231141e+04 -4.285137870163300969e-07
3.241041041041040808e+04 -1.393173766852672734e-07
3.250850850850850838e+04 2.332545996298259670e-07
3.260660660660660506e+04 6.882638329198814079e-07
3.270470470470470536e+04 5.202596211825014835e-07
3.280280280280280567e+04 -7.612581138889246684e-07
3.290090090090090234e+04 -1.044933071687185571e-07
3.299899899899899901e+04 4.059962064814274387e-07
3.309709709709709568e+04 2.833132238696618614e-07
3.319519519519519963e+04 3.413626734345568491e-07
3.329329329329329630e+04 6.861680932233292894e-08
3.339139139139138570e+04 4.158904783329451867e-07
3.348948948948948964e+04 -2.686527288629254124e-07
3.358758758758758631e+04 8.296748211868331099e-08
3.368568568568568298e+04 1.925164438385901468e-08
3.378378378378378693e+04 1.743559139298733569e-07
3.388188188188188360e+04 6.369102200856779196e-07
3.397997997997998027e+04 5.014610491068066578e-07
3.407807807807807694e+04 1.191915696640102110e-06
3.417617617617617361e+04 2.001142992811091948e-06
3.427427427427427756e+04 1.704515057411571438e-06
3.437237237237237423e+04 2.719993500707687488e-06
3.447047047047047090e+04 3.688239966302152355e-06
3.456856856856856757e+04 4.572526774245255618e-06
3.466666666666666424e+04 4.219052197966645116e-06
3.476476476476476091e+04 3.776464068838660730e-06
3.486286286286286486e+04 5.577152585810818049e-06
3.496096096096096153e+04 4.181094779205262650e-06
3.505905905905905820e+04 5.315980646239611116e-06
3.515715715715715487e+04 6.833149202157350163e-06
3.525525525525525882e+04 8.204529591749090792e-06
3.535335335335335549e+04 1.051020834425735440e-05
3.545145145145145216e+04 1.431339840275594553e-05
3.554954954954954883e+04 2.126689264136133952e-05
3.564764764764765278e+04 2.586857862975825060e-05
3.574574574574574217e+04 3.191729982669217348e-05
3.584384384384384612e+04 3.107223467749044299e-05
3.594194194194194279e+04 2.722024221454055938e-05
3.604004004004003946e+04 2.515944753937314238e-05
3.613813813813813613e+04 2.383815964418898282e-05
3.623623623623623280e+04 2.342138687940492777e-05
3.633433433433433675e+04 2.320743882823754505e-05
3.643243243243243342e+04 2.608065908508549669e-05
3.653053053053053009e+04 3.076955755006238958e-05
3.662862862862863403e+04 3.762950538072552429e-05
3.672672672672673070e+04 4.708239807379648132e-05
3.682482482482482010e+04 6.019621938245886566e-05
3.692292292292292404e+04 6.960830805097853989e-05
3.702102102102102072e+04 7.602932157295653624e-05
3.711911911911911739e+04 7.287570343279758890e-05
3.721721721721721406e+04 6.599966722465462588e-05
3.731531531531531800e+04 5.738528031447467605e-05
3.741341341341341467e+04 5.062587947432140321e-05
3.751151151151151134e+04 4.719430721645448114e-05
3.760960960960960801e+04 4.450360559234896340e-05
3.770770770770771196e+04 4.489948342843148681e-05
3.780580580580580863e+04 4.637979513010669915e-05
3.790390390390390530e+04 4.960536945398292700e-05
3.800200200200200197e+04 5.648123535808754879e-05
3.810010010010009864e+04 6.179072985840875268e-05
3.819819819819819531e+04 6.925762365547665834e-05
3.829629629629629198e+04 7.402185376441616739e-05
3.839439439439439593e+04 7.873476057692470559e-05
3.849249249249249260e+04 7.988358490043726825e-05
3.859059059059058927e+04 8.331749046081588362e-05
3.868868868868869322e+04 8.376433747483870288e-05
3.878678678678678989e+04 8.947052284968337111e-05
3.888488488488488656e+04 9.758522926982770001e-05
3.898298298298298323e+04 1.069003416736915332e-04
3.908108108108107990e+04 1.240882333112593183e-04
3.917917917917917657e+04 1.412973847197290550e-04
3.927727727727727324e+04 1.617533395354977480e-04
3.937537537537537719e+04 1.830752404786751316e-04
3.947347347347347386e+04 2.044984377557966244e-04
3.957157157157157053e+04 2.193277941135805126e-04
3.966966966966966720e+04 2.265937666207043944e-04
3.976776776776777115e+04 2.230265442221884484e-04
3.986586586586586782e+04 2.159791478185495422e-04
3.996396396396396449e+04 2.028254156595709820e-04
4.006206206206206116e+04 1.874005462382130833e-04
4.016016016016016511e+04 1.721803779796352702e-04
4.025825825825825450e+04 1.540014402088073046e-04
4.035635635635635117e+04 1.413152604768797959e-04
4.045445445445445512e+04 1.325643863250099326e-04
4.055255255255255179e+04 1.255751203259972159e-04
4.065065065065064846e+04 1.198585015765492729e-04
4.074874874874875240e+04 1.159215183600235147e-04
4.084684684684684908e+04 1.138717287371646147e-04
4.094494494494494575e+04 1.141388214675072955e-04
4.104304304304304242e+04 1.155436002201030049e-04
4.114114114114113909e+04 1.155748634362464529e-04
4.123923923923924303e+04 1.183145739130388977e-04
4.133733733733733970e+04 1.172939527629303624e-04
4.143543543543542910e+04 1.164001357216213841e-04
4.153353353353354032e+04 1.158615427815080337e-04
4.163163163163162244e+04 1.144546182064939028e-04
4.172972972972973366e+04 1.111777915277092579e-04
4.182782782782782306e+04 1.080808960756781989e-04
4.192592592592592700e+04 1.056632476988921264e-04
4.202402402402402367e+04 1.019365505703784264e-04
4.212212212212212762e+04 9.496401256413615401e-05
4.222022022022021702e+04 9.024615720755992045e-05
4.231831831831832824e+04 7.871035898809564883e-05
4.241641641641641036e+04 7.462281413042089325e-05
4.251451451451452158e+04 7.714191941803707792e-05
4.261261261261261097e+04 7.361350670249579970e-05
4.271071071071070764e+04 6.566072688467531249e-05
4.280880880880881159e+04 6.558763546187461584e-05
4.290690690690690826e+04 5.560919100368855557e-05
4.300500500500500493e+04 5.315216836249839010e-05
4.310310310310310160e+04 5.372907611637618898e-05
4.320120120120119827e+04 4.601069208994471553e-05
4.329929929929930222e+04 4.290059743868504375e-05
4.339739739739739889e+04 3.956578198333404804e-05
4.349549549549549556e+04 3.564331633879355671e-05
4.359359359359359951e+04 3.493679389267392323e-05
4.369169169169169618e+04 3.248238828182838659e-05
4.378978978978979285e+04 3.053355631732167095e-05
4.388788788788788952e+04 2.925463649515342579e-05
4.398598598598598619e+04 2.747117642558581562e-05
4.408408408408409014e+04 2.655497215549571224e-05
4.418218218218218681e+04 2.481567181016650664e-05
4.428028028028027620e+04 2.356598102415264885e-05
4.437837837837837287e+04 2.436784311998852737e-05
4.447647647647646954e+04 2.249695906541532056e-05
4.457457457457457349e+04 2.323837819654404527e-05
4.467267267267267016e+04 2.027842026242694835e-05
4.477077077077076683e+04 1.849678246318669548e-05
4.486886886886887078e+04 2.009274401160213074e-05
4.496696696696696745e+04 1.751341607124891616e-05
4.506506506506506412e+04 1.499654730475316897e-05
4.516316316316316079e+04 1.331022200552315989e-05
4.526126126126125746e+04 1.374188016153287438e-05
4.535935935935936141e+04 1.325398766059052785e-05
4.545745745745745808e+04 1.190152696991189047e-05
4.555555555555555475e+04 6.717203979856513752e-06
4.565365365365365869e+04 7.461659883293824208e-06
4.575175175175175536e+04 7.236698599265517085e-06
4.584984984984985203e+04 5.543074372514949572e-06
4.594794794794794871e+04 5.310977227906542234e-06
4.604604604604604538e+04 3.035153276184245008e-06
4.614414414414414932e+04 3.561181313406268945e-06
4.624224224224224599e+04 2.316725715858201911e-06
4.634034034034034266e+04 1.150417787080879226e-06
4.643843843843844661e+04 -2.001964317900721023e-07
4.653653653653652873e+04 8.564302309245966679e-08
4.663463463463463268e+04 2.539113288421225560e-06
4.673273273273272935e+04 1.625666440860404608e-06
4.683083083083082602e+04 -5.166889557596030775e-07
4.692892892892892996e+04 8.161300091231373313e-07
4.702702702702702663e+04 1.423154042698622961e-06
4.712512512512512330e+04 1.673345132943165425e-06
4.722322322322321997e+04 2.030451860972599809e-06
4.732132132132131665e+04 -1.910474178768639263e-08
4.741941941941942059e+04 -2.130661950232001929e-06
4.751751751751751726e+04 2.409688993156875875e-07
4.761561561561561393e+04 1.661902847181698285e-06
4.771371371371371788e+04 3.558042283541029516e-07
4.781181181181181455e+04 9.608318619452460297e-07
4.790990990990991122e+04 3.027919873564365811e-07
4.800800800800800789e+04 -1.397967676309719348e-06
4.810610610610610456e+04 -7.140729585696201520e-07
4.820420420420420851e+04 9.788652067308764111e-07
4.830230230230230518e+04 1.062414848534908353e-06
4.840040040040040185e+04 -1.012201129229728243e-06
4.849849849849850580e+04 3.091674958221342423e-08
4.859659659659660247e+04 8.849623531757128724e-07
4.869469469469469914e+04 -2.575434717419418090e-06
4.879279279279279581e+04 -1.117095721824639414e-06
4.889089089089088520e+04 6.647330266415360994e-07
4.898898898898898915e+04 -8.950113795004856079e-07
4.908708708708708582e+04 -2.566587975312022078e-07
4.918518518518518249e+04 1.203872195797871858e-06
4.928328328328327916e+04 2.915641245820874549e-06
4.938138138138137583e+04 6.513780723587457643e-07
4.947947947947947978e+04 -1.340782529126633313e-06
4.957757757757757645e+04 2.473111632111011224e-06
4.967567567567567312e+04 1.599923067363083694e-06
4.977377377377377707e+04 1.989645552293548629e-06
4.987187187187187374e+04 1.059576790082367037e-06
4.996996996996997041e+04 1.084503425815771065e-06
5.006806806806806708e+04 2.439732412788848941e-06
5.016616616616616375e+04 7.336946310360645101e-06
5.026426426426426769e+04 3.143150430765387656e-06
5.036236236236236437e+04 1.453042493439331198e-06
5.046046046046046104e+04 1.138873205690431708e-06
5.055855855855856498e+04 -1.534276645347937369e-06
5.065665665665666165e+04 3.485353268507237959e-07
5.075475475475475832e+04 2.001291295150657603e-06
5.085285285285285499e+04 4.873894804180255876e-08
5.095095095095095166e+04 -7.727931959289406324e-07
5.104904904904905561e+04 9.563167498426704520e-07
5.114714714714714501e+04 2.733528250076780517e-06
5.124524524524524168e+04 9.062780859294843268e-07
5.134334334334333835e+04 7.051770792984862686e-07
5.144144144144143502e+04 -1.006319209722646890e-07
5.153953953953953896e+04 1.669500359396318238e-06
5.163763763763763563e+04 4.726944965738787813e-07
5.173573573573573231e+04 2.915945866963697066e-07
5.183383383383383625e+04 7.407996839110217115e-07
5.193193193193193292e+04 4.937397645321966939e-07
5.203003003003002959e+04 -3.527301534481737435e-07
5.212812812812812626e+04 -6.724092699914720419e-07
5.222622622622622293e+04 1.525359628848210663e-06
5.232432432432432688e+04 2.198013383077403898e-06
5.242242242242242355e+04 -4.448385668683831979e-07
5.252052052052052022e+04 8.571872621799698137e-07
5.261861861861862417e+04 1.132885385042077225e-06
5.271671671671672084e+04 1.149322389762003076e-06
5.281481481481481751e+04 1.291027025446495943e-06
5.291291291291291418e+04 -1.178070418552321671e-07
5.301101101101101085e+04 -1.399342286230370690e-06
5.310910910910911480e+04 -7.082058572659299308e-07
5.320720720720721147e+04 1.536677694312028322e-06
5.330530530530530814e+04 1.945036380642485769e-06
5.340340340340339753e+04 2.078909318936187651e-06
5.350150150150149420e+04 2.566559715574843780e-06
5.359959959959959815e+04 1.987709526774292805e-06
5.369769769769769482e+04 9.750515421210943393e-07
5.379579579579579149e+04 1.110729800646833438e-06
5.389389389389389544e+04 -1.842977569927807305e-07
5.399199199199199211e+04 -6.480805224183098197e-07
5.409009009009008878e+04 -2.257047358536262120e-07
5.418818818818818545e+04 4.772427938468208424e-07
5.428628628628628212e+04 1.077967449865884798e-06
5.438438438438438607e+04 -7.000890432131425668e-08
5.448248248248248274e+04 -1.860842417848313937e-06
5.458058058058057941e+04 -9.651710977989849654e-07
5.467867867867868335e+04 1.448473255551751175e-06
5.477677677677678003e+04 1.371459414687077835e-06
5.487487487487487670e+04 1.235780511405763106e-06
5.497297297297297337e+04 6.290097744191287567e-07
5.507107107107107004e+04 -2.401504291137405478e-07
5.516916916916917398e+04 8.027956404854648919e-07
5.526726726726727065e+04 -9.052358841105883798e-07
5.536536536536536732e+04 -3.187366857655343482e-07
5.546346346346347127e+04 1.008014629780424971e-06
5.556156156156156794e+04 1.420763304635588846e-06
5.565965965965965734e+04 1.254570388434614479e-06
5.575775775775775401e+04 1.614316089808589900e-06
5.585585585585585068e+04 9.350108208381612461e-08
5.595395395395395462e+04 -8.149506479696754229e-07
5.605205205205205129e+04 1.051091540660927949e-06
5.615015015015014797e+04 1.352746648789999258e-06
5.624824824824824464e+04 1.005182941355273973e-06
5.634634634634634131e+04 -9.265994196865547822e-07
5.644444444444444525e+04 -1.599248567640964198e-06
5.654254254254254192e+04 4.258652599148889637e-07
5.664064064064063859e+04 2.944741503372062335e-07
5.673873873873874254e+04 9.689973689843271838e-07
5.683683683683683921e+04 4.553755083337127198e-07
5.693493493493493588e+04 1.637406681007155231e-07
5.703303303303303255e+04 -1.445016162105801515e-06
5.713113113113112922e+04 -7.506069931737515710e-07
5.722922922922923317e+04 -4.476687378006417027e-07
5.732732732732732984e+04 -9.588091397631837208e-07
5.742542542542542651e+04 3.386823455611088930e-06
5.752352352352353046e+04 2.989167029328481753e-06
5.762162162162162713e+04 1.702865260616839050e-06
5.771971971971972380e+04 3.824849437267371744e-06
5.781781781781782047e+04 2.555155940376038961e-06
5.791591591591591714e+04 1.611139721375640378e-06
5.801401401401401381e+04 1.197926297084947659e-06
5.811211211211211048e+04 9.801036524124828713e-07
5.821021021021020715e+04 4.241775628546944300e-06
5.830830830830830382e+04 2.249184771436968968e-06
5.840640640640640049e+04 1.075060539851977068e-06
5.850450450450450444e+04 7.649408558776089809e-07
5.860260260260260111e+04 8.861640266922705334e-07
5.870070070070069778e+04 3.654956568414627443e-06
5.879879879879880173e+04 4.282464882723575733e-06
5.889689689689689840e+04 4.548748902660709315e-06
5.899499499499499507e+04 2.398822419172942445e-06
5.909309309309309174e+04 -3.091011421890477302e-08
5.919119119119118841e+04 -1.570100097863165476e-07
5.928928928928929236e+04 3.620217293902165079e-06
5.938738738738738903e+04 5.441478581166023149e-06
5.948548548548548570e+04 2.318829130154111437e-06
5.958358358358358964e+04 2.584410651950579308e-06
5.968168168168168631e+04 1.830578522170647185e-06
5.977977977977978298e+04 -1.354266874309587795e-06
5.987787787787787965e+04 -1.846850626039264098e-06
5.997597597597597633e+04 1.395646294486378796e-07
6.007407407407408027e+04 6.770776287106569339e-07
6.017217217217217694e+04 1.369788482835922348e-06
6.027027027027026634e+04 6.966305801206224660e-07
6.036836836836836301e+04 9.340883096649168688e-07
6.046646646646645968e+04 2.934147475232146265e-06
6.056456456456456363e+04 1.206006229225296381e-06
6.066266266266266030e+04 8.455018454649709177e-07
6.076076076076075697e+04 1.515443506588342291e-06
6.085885885885886091e+04 1.529650427287316331e-06
6.095695695695695758e+04 1.097082144552115209e-06
6.105505505505505425e+04 7.157391244336687201e-07
6.115315315315315092e+04 -1.796085442065180635e-06
6.125125125125124760e+04 -1.673139729901190469e-06
6.134934934934935154e+04 -7.059596236001559424e-07
6.144744744744744821e+04 -2.115636937739951747e-07
6.154554554554554488e+04 -1.230612779393110534e-06
6.164364364364364883e+04 -9.478471442705646342e-07
6.174174174174174550e+04 3.065851300676527437e-07
6.183983983983984217e+04 1.780483901328721293e-06
6.193793793793793884e+04 2.429180338270787757e-07
6.203603603603603551e+04 -2.363734452529607728e-07
6.213413413413413946e+04 3.786839253665222179e-07
6.223223223223223613e+04 -5.714746325045485576e-07
6.233033033033033280e+04 -1.505870532981980219e-06
6.242842842842843675e+04 -8.954959065482363745e-07
6.252652652652651886e+04 -7.462370305696782722e-07
6.262462462462462281e+04 -6.872614932074004018e-07
6.272272272272271948e+04 7.804839306882866117e-08
6.282082082082081615e+04 -2.353785826836803657e-07
6.291891891891892010e+04 1.132784849627297113e-06
6.301701701701701677e+04 1.967843112950114035e-06
6.311511511511511344e+04 1.131016250158844646e-06
6.321321321321321011e+04 8.910115395004278661e-07
6.331131131131130678e+04 1.735679160022672278e-06
6.340940940940941073e+04 2.807210645652502473e-06
6.350750750750750740e+04 2.735255853371796789e-06
6.360560560560560407e+04 2.788653280079962465e-06
6.370370370370370802e+04 1.630681233708765738e-06
6.380180180180180469e+04 7.208862958900685724e-07
6.389989989989990136e+04 8.700684215062869959e-07
6.399799799799799803e+04 1.367036016921335834e-07
6.409609609609609470e+04 -8.867017062191140432e-07
6.419419419419419864e+04 -2.852278052723133410e-06
6.429229229229229531e+04 2.772133938421556836e-07
6.439039039039039199e+04 4.701540124030825301e-06
6.448848848848849593e+04 3.326522140167736762e-06
6.458658658658659260e+04 -5.276747496075348393e-07
6.468468468468468927e+04 -1.463681479351806353e-06
6.478278278278277867e+04 -2.075531124452569815e-06
6.488088088088087534e+04 1.425061469208572770e-06
6.497897897897897928e+04 3.711881216152294016e-06
6.507707707707707596e+04 1.036507155408302450e-06
6.517517517517517263e+04 1.167488683016897216e-06
6.527327327327326930e+04 3.113564425537259922e-07
6.537137137137136597e+04 -1.270744990810038258e-06
6.546946946946946991e+04 7.207199092062954551e-07
6.556756756756757386e+04 5.153701694561753835e-06
6.566566566566567053e+04 6.296444950856524139e-06
6.576376376376376720e+04 5.083639410817272804e-06
6.586186186186186387e+04 8.209159511539480667e-06
6.595995995995996054e+04 1.160694405196646842e-05
6.605805805805805721e+04 7.225807339955073659e-06
6.615615615615615388e+04 4.302973401439988405e-06
6.625425425425425055e+04 3.657517926082473631e-06
6.635235235235234722e+04 -3.842267774374941602e-07
6.645045045045045845e+04 -1.541981092962473835e-06
6.654854854854855512e+04 -5.328821415899216303e-07
6.664664664664665179e+04 -7.928947127628742364e-07
6.674474474474474846e+04 -4.246980563493277327e-06
6.684284284284284513e+04 -9.223989243217748618e-06
6.694094094094094180e+04 -7.633563827037453497e-06
6.703903903903903847e+04 -2.020570271500081500e-06
6.713713713713713514e+04 2.831022528922294114e-07
6.723523523523523181e+04 -7.883908281973230153e-07
6.733333333333332848e+04 -9.947025204811193885e-07
6.743143143143142515e+04 -5.323533411140452790e-07
6.752952952952952182e+04 5.282451659234273973e-07
6.762762762762763305e+04 1.058659070331854902e-06
6.772572572572572972e+04 1.717005478061634989e-06
6.782382382382382639e+04 2.335360907902308071e-06
6.792192192192192306e+04 1.404287167584573837e-07
6.802002002002001973e+04 -2.348406687366240208e-07
6.811811811811811640e+04 9.309416480639059287e-07
6.821621621621621307e+04 5.045144839686109931e-07
6.831431431431430974e+04 -7.758648786092593908e-07
6.841241241241240641e+04 -3.936545967827721347e-07
6.851051051051051763e+04 1.086623322723306426e-06
6.860860860860861430e+04 2.289293286450641687e-06
6.870670670670671097e+04 4.811546716976965327e-07
6.880480480480480765e+04 -9.519243293970339855e-07
6.890290290290290432e+04 1.898005676521170186e-07
6.900100100100100099e+04 1.726707492786746425e-06
6.909909909909909766e+04 1.749263666228963427e-06
6.919719719719720888e+04 8.185848110237041609e-07
6.929529529529530555e+04 1.911553271681389932e-07
6.939339339339338767e+04 5.811226740267274004e-07
6.949149149149148434e+04 1.099464801700042580e-06
6.958958958958958101e+04 1.000531013633280737e-06
6.968768768768769223e+04 1.288280135441148370e-06
6.978578578578578890e+04 1.450111110170779798e-06
6.988388388388388557e+04 1.237589198659160413e-06
6.998198198198198224e+04 7.903208530255097963e-07
7.008008008008007891e+04 2.429598726472824004e-08
7.017817817817817559e+04 4.822850197486736912e-08
7.027627627627627226e+04 1.157361930469854571e-06
7.037437437437436893e+04 6.842109978802489477e-07
7.047247247247246560e+04 -1.477402815304828075e-06
7.057057057057057682e+04 -1.261082198422385360e-06
7.066866866866867349e+04 6.926025257458486104e-07
7.076676676676677016e+04 1.645498300798862963e-06
7.086486486486486683e+04 2.182682041215210160e-06
7.096296296296296350e+04 2.295494756116171327e-06
7.106106106106106017e+04 1.150669239515518398e-06
7.115915915915915684e+04 -8.846388641927194980e-07
7.125725725725726807e+04 -1.704934881170138616e-06
7.135535535535536474e+04 -1.032113665318716636e-06
7.145345345345346141e+04 -1.347139207983072699e-07
7.155155155155155808e+04 1.687416820060420988e-07
7.164964964964964020e+04 -1.589280985218981496e-07
7.174774774774775142e+04 -2.615708201367626699e-07
7.184584584584584809e+04 9.762847800857796150e-08
7.194394394394394476e+04 1.137698640694660263e-06
7.204204204204204143e+04 2.155943247100072119e-06
7.214014014014013810e+04 9.577257828035414971e-07
7.223823823823823477e+04 -1.119447907048991605e-06
7.233633633633633144e+04 -1.332543973362794911e-06
7.243443443443442811e+04 -5.884194659839628533e-07
7.253253253253252478e+04 -4.526289464794973431e-07
7.263063063063063601e+04 -9.757427555495020521e-07
7.272872872872873268e+04 -9.787941982687533632e-07
7.282682682682682935e+04 -2.657148378461878053e-07
7.292492492492492602e+04 -2.950212984109725519e-07
7.302302302302302269e+04 -6.805861937854570293e-07
7.312112112112111936e+04 -4.237893464897520893e-07
7.321921921921921603e+04 3.008764493881678974e-07
7.331731731731732725e+04 1.314595715985001591e-06
7.341541541541542392e+04 2.011796891901710830e-06
7.351351351351352059e+04 1.507265837975827493e-06
7.361161161161161726e+04 1.008504708872196062e-06
7.370970970970971393e+04 1.302110826396751804e-06
7.380780780780781060e+04 1.573917848319445377e-06
7.390590590590590728e+04 1.274217585979289478e-06
7.400400400400400395e+04 8.679252473904978395e-07
7.410210210210210062e+04 1.082352233440594406e-06
7.420020020020019729e+04 1.376102526226790000e-06
7.429829829829829396e+04 7.397329694082671714e-07
7.439639639639639063e+04 1.027356112726292994e-07
7.449449449449448730e+04 5.915773143893478575e-07
7.459259259259258397e+04 1.025637978776371012e-06
7.469069069069069519e+04 4.125825270082555677e-07
7.478878878878879186e+04 0.000000000000000000e+00
7.488688688688688853e+04 8.597335049139384006e-08
7.498498498498498520e+04 -1.534522426040830871e-07
7.508308308308308187e+04 -5.072372130669226797e-07
7.518118118118117854e+04 -5.004974967270412385e-07
7.527927927927927522e+04 -6.580752406578790737e-08
7.537737737737738644e+04 5.853975100166181591e-07
7.547547547547548311e+04 1.032191021725806629e-06
7.557357357357357978e+04 1.158028096179626071e-06
7.567167167167167645e+04 1.341695006839312129e-06
7.576976976976977312e+04 1.460152129144413508e-06
7.586786786786786979e+04 1.222467140451195779e-06
7.596596596596596646e+04 8.122391324141123967e-07
7.606406406406406313e+04 4.193495719753897114e-07
7.616216216216215980e+04 3.066244128259241903e-07
7.626026026026025647e+04 4.540751183080268391e-07
7.635835835835835314e+04 4.434584264540273776e-07
7.645645645645644981e+04 4.940143198830934806e-07
7.655455455455454648e+04 9.050383399880338299e-07
7.665265265265264316e+04 1.152295682301700611e-06
7.675075075075075438e+04 1.089967241214793165e-06
7.684884884884885105e+04 8.852435881879169560e-07
7.694694694694694772e+04 4.721255392454231350e-07
7.704504504504504439e+04 -1.247403463321347460e-08
7.714314314314314106e+04 -3.507566094819140285e-07
7.724124124124123773e+04 -3.522276630113412593e-07
7.733933933933933440e+04 -3.917584326097064504e-08
7.743743743743744562e+04 1.224804581301767244e-07
7.753553553553554229e+04 -1.902597180850352461e-08
7.763363363363363896e+04 3.338997150049514277e-08
7.773173173173173564e+04 3.859293696494480627e-07
7.782982982982983231e+04 6.119334817881060584e-07
7.792792792792792898e+04 7.441970402512240061e-07
7.802602602602602565e+04 8.568162150644596837e-07
7.812412412412412232e+04 6.508072085395803947e-07
7.822222222222221899e+04 4.432740417941808103e-07
7.832032032032033021e+04 7.606118943689993365e-07
7.841841841841842688e+04 1.207397060412615796e-06
7.851651651651650900e+04 9.877718475454783521e-07
7.861461461461460567e+04 1.929024073012077316e-07
7.871271271271270234e+04 -3.980315839074770030e-07
7.881081081081081356e+04 -4.260602334224367081e-07
7.890890890890891023e+04 -1.616391188176968746e-07
7.900700700700700691e+04 5.381685055132705174e-08
7.910510510510510358e+04 2.507595666802010906e-07
7.920320320320320025e+04 4.723665032944299835e-07
7.930130130130129692e+04 5.484579227267111313e-07
7.939939939939939359e+04 3.681280654043674643e-07
7.949749749749750481e+04 2.932967092962913166e-07
7.959559559559560148e+04 6.383196075405632630e-07
7.969369369369369815e+04 1.129898281286966700e-06
7.979179179179179482e+04 1.305007443308704122e-06
7.988988988988989149e+04 1.014423421722587207e-06
7.998798798798798816e+04 4.055989526688221806e-07
8.008608608608608483e+04 -1.322145339202431925e-07
8.018418418418418150e+04 -1.729545956280048012e-07
8.028228228228227817e+04 1.915143498078804099e-07
8.038038038038038940e+04 4.151051488718559802e-07
8.047847847847848607e+04 2.722836446354603005e-07
8.057657657657658274e+04 -1.419677836456749496e-07
8.067467467467467941e+04 -6.151647427472715841e-07
8.077277277277276153e+04 -6.888469809254042812e-07
8.087087087087087275e+04 -1.135232158167088394e-07
8.096896896896896942e+04 7.245217826166114355e-07
8.106706706706706609e+04 1.303272164458599001e-06
8.116516516516516276e+04 1.555517377151594343e-06
8.126326326326325943e+04 1.480104382990257787e-06
8.136136136136135610e+04 1.042210577448167344e-06
8.145945945945945277e+04 5.385420662017272826e-07
8.155755755755756400e+04 3.200051670688865520e-07
8.165565565565566067e+04 2.056659959800947213e-07
8.175375375375375734e+04 -4.114833003457139654e-08
8.185185185185185401e+04 8.442315535835980826e-08
8.194994994994995068e+04 9.135612734751334386e-07
8.204804804804804735e+04 1.579530903479955182e-06
8.214614614614614402e+04 1.227055063851948930e-06
8.224424424424425524e+04 2.266827833765255732e-07
8.234234234234233736e+04 -5.230975999087779346e-07
8.244044044044043403e+04 -8.416052069281772782e-07
8.253853853853854525e+04 -9.970063797939670735e-07
8.263663663663665648e+04 -8.769992078075623900e-07
8.273473473473473859e+04 -3.307365892296991062e-07
8.283283283283282071e+04 2.295236119581465733e-07
8.293093093093093194e+04 1.902681411457033804e-07
8.302902902902904316e+04 -4.908519673145324167e-07
8.312712712712713983e+04 -1.203262856189357947e-06
8.322522522522522195e+04 -1.289599634564818142e-06
8.332332332332330407e+04 -6.653733665308267230e-07
8.342142142142141529e+04 1.807384513525778167e-07
8.351951951951952651e+04 7.045341350852603653e-07
8.361761761761762318e+04 6.992586424526027644e-07
8.371571571571570530e+04 3.371288656228043878e-07
8.381381381381381652e+04 -3.360456735101123397e-08
8.391191191191191319e+04 -1.702692593193373643e-07
8.401001001001000986e+04 -8.511334016833885651e-08
8.410810810810812109e+04 2.201852730531380167e-08
8.420620620620620321e+04 -4.402016759667344380e-08
8.430430430430429988e+04 -2.240565404025302577e-07
8.440240240240239655e+04 -3.282006098794008551e-07
8.450050050050049322e+04 -3.032485724423297375e-07
8.459859859859860444e+04 -1.718447472867025440e-07
8.469669669669668656e+04 8.517117192745361731e-08
8.479479479479479778e+04 4.971677890376477799e-07
8.489289289289287990e+04 9.859836859419734478e-07
8.499099099099099112e+04 1.375104994043807997e-06
8.508908908908908779e+04 1.553640652010220634e-06
8.518718718718719902e+04 1.476396681325961032e-06
8.528528528528528113e+04 1.127992905282555614e-06
8.538338338338339236e+04 6.271222231097964710e-07
8.548148148148147448e+04 2.895913479771120653e-07
8.557957957957958570e+04 3.267578681802760779e-07
8.567767767767768237e+04 6.684883160765844889e-07
8.577577577577577904e+04 1.076979797256928496e-06
8.587387387387387571e+04 1.405047612632458979e-06
8.597197197197197238e+04 1.555639702744952351e-06
8.607007007007006905e+04 1.565128482592747342e-06
8.616816816816818027e+04 1.448168947128727060e-06
8.626626626626626239e+04 1.029505812484577769e-06
8.636436436436437361e+04 2.661818880911378184e-07
8.646246246246245573e+04 -4.879335672742899391e-07
8.656056056056055240e+04 -7.511896361134942573e-07
8.665865865865866363e+04 -4.656530856331007058e-07
8.675675675675674574e+04 8.519793463066751141e-09
8.685485485485485697e+04 5.084629634706429414e-07
8.695295295295293909e+04 1.060365069579750925e-06
8.705105105105105031e+04 1.479964472044114636e-06
8.714914914914914698e+04 1.372553125355919114e-06
8.724724724724725820e+04 8.285719141026290218e-07
8.734534534534534032e+04 3.747748503425836181e-07
8.744344344344345154e+04 3.191671306347929971e-07
8.754154154154153366e+04 3.252079611040297281e-07
8.763963963963964488e+04 -5.838055057554405196e-08
8.773773773773774155e+04 -8.528341928420052313e-07
8.783583583583583822e+04 -1.585415395517856187e-06
8.793393393393393490e+04 -1.680926598316257325e-06
8.803203203203203157e+04 -9.585563068268669148e-07
8.813013013013012824e+04 1.709030678458470316e-07
8.822822822822823946e+04 9.598041162037548411e-07
8.832632632632632158e+04 9.937214530575644753e-07
8.842442442442443280e+04 5.594866287366878340e-07
8.852252252252251492e+04 2.147633472904279473e-07
8.862062062062062614e+04 3.168417655552424521e-07
8.871871871871872281e+04 7.317942114656410029e-07
8.881681681681680493e+04 1.093123065081323512e-06
8.891491491491491615e+04 1.125103096908421492e-06
8.901301301301299827e+04 8.997894392256148113e-07
8.911111111111110949e+04 7.484263430998430106e-07
8.920920920920920616e+04 8.333754021101921692e-07
8.930730730730731739e+04 1.003508185534790290e-06
8.940540540540539951e+04 8.508153152485533912e-07
8.950350350350351073e+04 1.879365057025345809e-07
8.960160160160159285e+04 -6.401154606356608376e-07
8.969969969969970407e+04 -9.909905508830036225e-07
8.979779779779780074e+04 -4.778179420685104324e-07
8.989589589589589741e+04 5.232547642254246372e-07
8.999399399399399408e+04 1.340992852174470220e-06
9.009209209209209075e+04 1.594565435016134100e-06
9.019019019019018742e+04 1.424831728386907924e-06
9.028828828828829865e+04 1.127336207853689925e-06
9.038638638638638076e+04 9.221500390752606422e-07
9.048448448448449199e+04 9.472518143537781644e-07
9.058258258258257410e+04 1.153221467163694067e-06
9.068068068068068533e+04 1.414094025938678280e-06
9.077877877877878200e+04 1.603958850663357275e-06
9.087687687687689322e+04 1.689747119486311716e-06
9.097497497497497534e+04 1.623219230308742515e-06
9.107307307307305746e+04 1.340381118584304736e-06
9.117117117117116868e+04 9.234076630822238979e-07
9.126926926926926535e+04 5.093500902694310695e-07
9.136736736736737657e+04 2.234875361953745088e-07
9.146546546546545869e+04 4.165489288206888033e-08
9.156356356356356991e+04 -2.412101150253092130e-08
9.166166166166165203e+04 1.266035286800996626e-07
9.175975975975976326e+04 5.052731259678890683e-07
9.185785785785785993e+04 9.447232102365707461e-07
9.195595595595595660e+04 1.164488526673070929e-06
9.205405405405405327e+04 1.104080688506606996e-06
9.215215215215214994e+04 9.883207097261145234e-07
9.225025025025024661e+04 1.145786734896628476e-06
9.234834834834835783e+04 1.677060887320898536e-06
9.244644644644643995e+04 2.320337792110037119e-06
9.254454454454455117e+04 2.662493552026386593e-06
9.264264264264263329e+04 2.532193807877033753e-06
9.274074074074074451e+04 2.140419326909140674e-06
9.283883883883884118e+04 1.750513741908009566e-06
9.293693693693695241e+04 1.432054049586655958e-06
9.303503503503503453e+04 1.113663198610191247e-06
9.313313313313314575e+04 7.991133772403106931e-07
9.323123123123122787e+04 5.883977134786361006e-07
9.332932932932932454e+04 5.175937194724967979e-07
9.342742742742743576e+04 4.845267221137675683e-07
9.352552552552551788e+04 3.664185433604004259e-07
9.362362362362362910e+04 1.641038233325463177e-07
9.372172172172171122e+04 4.812741518954661231e-08
9.381981981981982244e+04 1.441498505376258296e-07
9.391791791791791911e+04 3.463436347590369874e-07
9.401601601601601578e+04 3.656303160893879235e-07
9.411411411411411245e+04 1.628833814538079625e-08
9.421221221221220912e+04 -5.157054069291163839e-07
9.431031031031030579e+04 -7.935866154577005568e-07
9.440840840840841702e+04 -4.784543971683676124e-07
9.450650650650649914e+04 2.951809792004646717e-07
9.460460460460461036e+04 1.007790051632406154e-06
9.470270270270269248e+04 1.195386353235489947e-06
9.480080080080080370e+04 7.032599538649844345e-07
9.489889889889890037e+04 -9.888427377143015954e-08
9.499699699699701159e+04 -6.860412846046596772e-07
9.509509509509509371e+04 -7.867779145560659712e-07
9.519319319319320493e+04 -5.410593492370208058e-07
9.529129129129128705e+04 -2.115453721164111580e-07
9.538938938938939827e+04 8.186801798273829047e-08
9.548748748748749495e+04 4.232514213418293056e-07
9.558558558558559162e+04 9.220594279582594098e-07
9.568368368368368829e+04 1.434375412360877901e-06
9.578178178178177041e+04 1.730787546216060258e-06
9.587987987987988163e+04 1.728461065465129249e-06
9.597797797797797830e+04 1.529094855221666165e-06
9.607607607607607497e+04 1.312774029140865681e-06
9.617417417417417164e+04 1.134924287465282438e-06
9.627227227227226831e+04 9.691111136404462051e-07
9.637037037037036498e+04 8.277716124707597142e-07
9.646846846846847620e+04 8.138492304046316734e-07
9.656656656656655832e+04 9.632847316277400776e-07
9.666466466466466954e+04 1.174488408437954599e-06
9.676276276276275166e+04 1.307071384271667933e-06
9.686086086086086289e+04 1.257936526436241236e-06
9.695895895895895956e+04 1.104224670905604081e-06
9.705705705705707078e+04 9.385586078771779871e-07
9.715515515515515290e+04 8.328598712965567333e-07
9.725325325325326412e+04 7.430680644808132903e-07
9.735135135135134624e+04 6.215312394801155614e-07
9.744944944944945746e+04 4.566492136628931793e-07
9.754754754754755413e+04 2.574788924724253249e-07
9.764564564564565080e+04 1.010544864090909224e-07
9.774374374374374747e+04 1.197845697424887149e-08
9.784184184184184414e+04 3.813746628932787527e-08
9.793993993993994081e+04 2.034456341887796126e-07
9.803803803803803748e+04 4.263850737476128418e-07
9.813613613613613416e+04 6.419290666711246702e-07
9.823423423423423083e+04 7.183167099929484700e-07
9.833233233233232750e+04 5.929482367998692322e-07
9.843043043043042417e+04 2.976879205790384853e-07
9.852852852852853539e+04 -6.652504050947444382e-08
9.862662662662661751e+04 -3.429985091267490892e-07
9.872472472472472873e+04 -4.307556009185788566e-07
9.882282282282281085e+04 -2.923487505258585537e-07
9.892092092092092207e+04 -8.657782886530724388e-09
9.901901901901901874e+04 3.314025267448569717e-07
9.911711711711712996e+04 6.355081138472581405e-07
9.921521521521521208e+04 9.156296212255512706e-07
9.931331331331332331e+04 1.207647720617935925e-06
9.941141141141140542e+04 1.509870976738705374e-06
9.950950950950951665e+04 1.720935701089355332e-06
9.960760760760761332e+04 1.745241967328525028e-06
9.970570570570570999e+04 1.606755622118720743e-06
9.980380380380380666e+04 1.417635811675394193e-06
9.990190190190190333e+04 1.364550508011757310e-06
1.000000000000000000e+05 1.505511335012594491e-06
1.020000000000000000e+05 0.0000000000000000000000
