# Ks_vista
8.000000000000000000e+03 0.000000000000000000e+00
8.027027027027026634e+03 0.000000000000000000e+00
8.054054054054054177e+03 1.193339999763098984e-06
8.081081081081081720e+03 1.204029957528253926e-05
8.108108108108108354e+03 2.509470523628133987e-06
8.135135135135134988e+03 1.677513543387008644e-06
8.162162162162162531e+03 6.817037296720234968e-07
8.189189189189190074e+03 1.116359453194282279e-07
8.216216216216216708e+03 2.629576859454182991e-07
8.243243243243243342e+03 0.000000000000000000e+00
8.270270270270269975e+03 1.912868741839186962e-08
8.297297297297298428e+03 -5.211009619631464771e-06
8.324324324324325062e+03 -7.200271158130024744e-06
8.351351351351351695e+03 -9.807543717503915349e-07
8.378378378378378329e+03 -1.344346934168688165e-05
8.405405405405404963e+03 -1.871608058889036687e-05
8.432432432432431597e+03 -1.663946397281349876e-05
8.459459459459460049e+03 -2.198739968013725435e-05
8.486486486486486683e+03 -1.988732312757528602e-05
8.513513513513513317e+03 -2.447476914513719483e-05
8.540540540540539951e+03 4.250358145541728496e-05
8.567567567567568403e+03 1.969634696336737783e-04
8.594594594594593218e+03 1.607576551126805805e-04
8.621621621621619852e+03 9.054664496232542580e-06
8.648648648648648305e+03 -1.439337775479060922e-05
8.675675675675674938e+03 -1.549253901949160150e-05
8.702702702702701572e+03 -2.836883859241699728e-05
8.729729729729730025e+03 -2.340776537432432100e-05
8.756756756756756658e+03 1.491988581862548649e-05
8.783783783783783292e+03 -2.973102241103595878e-06
8.810810810810809926e+03 1.723643591903414835e-05
8.837837837837836560e+03 8.747279198936076667e-06
8.864864864864865012e+03 -2.231767599833697953e-06
8.891891891891891646e+03 7.664714665090469693e-06
8.918918918918918280e+03 6.914106281433199569e-07
8.945945945945946733e+03 -3.252358330967662527e-06
8.972972972972973366e+03 1.074193219265599770e-05
9.000000000000000000e+03 2.421859496399999538e-06
9.027027027027026634e+03 3.589138119874108325e-06
9.054054054054053267e+03 2.897248362930151305e-06
9.081081081081081720e+03 9.448012604989865134e-06
9.108108108108108354e+03 4.127391480886942682e-06
9.135135135135134988e+03 6.972469989030112053e-06
9.162162162162163440e+03 5.791877861923615343e-06
9.189189189189190074e+03 9.901506604106215188e-06
9.216216216216216708e+03 2.051619073228819621e-06
9.243243243243243342e+03 0.000000000000000000e+00
9.270270270270269975e+03 8.957993730801962222e-08
9.297297297297298428e+03 2.176201318213095631e-06
9.324324324324323243e+03 4.427425358530534041e-06
9.351351351351351695e+03 -7.206141435886329330e-06
9.378378378378378329e+03 0.000000000000000000e+00
9.405405405405404963e+03 1.354996340651042449e-06
9.432432432432431597e+03 2.035684300945936388e-06
9.459459459459460049e+03 7.544781520233527878e-06
9.486486486486486683e+03 5.445298294847189795e-06
9.513513513513513317e+03 4.542502923935020017e-06
9.540540540540539951e+03 3.229133393257015668e-06
9.567567567567568403e+03 1.434081698550451196e-06
9.594594594594593218e+03 0.000000000000000000e+00
9.621621621621619852e+03 4.609849151805098457e-06
9.648648648648648305e+03 5.183710367140572782e-06
9.675675675675674938e+03 -3.703718706493801671e-06
9.702702702702701572e+03 1.830755315201878989e-06
9.729729729729730025e+03 1.374335387670508586e-07
9.756756756756756658e+03 3.071599188995453417e-06
9.783783783783783292e+03 -5.276842650028510652e-06
9.810810810810809926e+03 5.512036166737841108e-07
9.837837837837836560e+03 2.321409624931122241e-06
9.864864864864865012e+03 0.000000000000000000e+00
9.891891891891891646e+03 6.906562159465591064e-07
9.918918918918918280e+03 7.606005352764259233e-07
9.945945945945946733e+03 2.029621533434265839e-06
9.972972972972973366e+03 4.777627084711031005e-06
1.000000000000000000e+04 0.000000000000000000e+00
1.002702702702702663e+04 1.802949495800639261e-06
1.005405405405405327e+04 6.940639725884165481e-07
1.008108108108108172e+04 1.370478356448210208e-05
1.010810810810810835e+04 0.000000000000000000e+00
1.013513513513513499e+04 0.000000000000000000e+00
1.016216216216216344e+04 6.730887971917475907e-07
1.018918918918919007e+04 8.684975269518679602e-06
1.021621621621621489e+04 1.301227043469315207e-06
1.024324324324324152e+04 0.000000000000000000e+00
1.027027027027026998e+04 2.699902272430944065e-06
1.029729729729729661e+04 6.988159862387405286e-07
1.032432432432432506e+04 5.661380639559302933e-06
1.035135135135134988e+04 0.000000000000000000e+00
1.037837837837838015e+04 0.000000000000000000e+00
1.040540540540540314e+04 6.399615271273552379e-06
1.043243243243243342e+04 8.226301282829436376e-06
1.045945945945945823e+04 6.105073317727620660e-06
1.048648648648648668e+04 1.521572543038827777e-06
1.051351351351351332e+04 5.108037816394846960e-06
1.054054054054054177e+04 0.000000000000000000e+00
1.056756756756756658e+04 7.833753723644991255e-06
1.059459459459459686e+04 9.387755011433896330e-07
1.062162162162161985e+04 0.000000000000000000e+00
1.064864864864865012e+04 0.000000000000000000e+00
1.067567567567567494e+04 9.880060666377093884e-07
1.070270270270270157e+04 1.680636725962462291e-05
1.072972972972973002e+04 5.157147839035110081e-06
1.075675675675675666e+04 1.979287289820028475e-06
1.078378378378378329e+04 1.091368333469438671e-05
1.081081081081080993e+04 6.985714820756756028e-06
1.083783783783783656e+04 1.553886233267900082e-05
1.086486486486486501e+04 2.108135306419975014e-05
1.089189189189189165e+04 1.655567366389911575e-05
1.091891891891891828e+04 1.985488491825750985e-05
1.094594594594594673e+04 2.524862818097439379e-05
1.097297297297297337e+04 2.664101074338198823e-05
1.100000000000000000e+04 3.597461930720000323e-05
1.102702702702702663e+04 4.100638737147471383e-05
1.105405405405405327e+04 4.005325879041266056e-05
1.108108108108108172e+04 5.175542883674069645e-05
1.110810810810810835e+04 5.969978910984694308e-05
1.113513513513513499e+04 7.261138696229955134e-05
1.116216216216216344e+04 8.562239119122517974e-05
1.118918918918918644e+04 1.130081757656755325e-04
1.121621621621621671e+04 1.489825477137346683e-04
1.124324324324324152e+04 2.066689837833592135e-04
1.127027027027026998e+04 3.006217431514967143e-04
1.129729729729729661e+04 4.406255288274236277e-04
1.132432432432432506e+04 6.210972441757295825e-04
1.135135135135134988e+04 8.365445214538391391e-04
1.137837837837838015e+04 1.095814810936641482e-03
1.140540540540540314e+04 1.413359170670382223e-03
1.143243243243243342e+04 1.827032795929584095e-03
1.145945945945945823e+04 2.408539391535256379e-03
1.148648648648648668e+04 3.225337434612548636e-03
1.151351351351351332e+04 4.301657774403651845e-03
1.154054054054054177e+04 5.503135871624266831e-03
1.156756756756756658e+04 6.617693985871388011e-03
1.159459459459459686e+04 7.355840420901709094e-03
1.162162162162161985e+04 7.461639500442575346e-03
1.164864864864865012e+04 7.023113230513779170e-03
1.167567567567567494e+04 6.312724042567842940e-03
1.170270270270270157e+04 5.568969559418783868e-03
1.172972972972973002e+04 4.976760636425659780e-03
1.175675675675675666e+04 4.637428905211637281e-03
1.178378378378378329e+04 4.531807397665425438e-03
1.181081081081080993e+04 4.723772689691352854e-03
1.183783783783783656e+04 5.261258019730675854e-03
1.186486486486486501e+04 6.186893744685350444e-03
1.189189189189189165e+04 7.196512620006798033e-03
1.191891891891891828e+04 7.831159071747782058e-03
1.194594594594594673e+04 7.383290946678058679e-03
1.197297297297297337e+04 5.829401278201638489e-03
1.200000000000000000e+04 3.843187737123999505e-03
1.202702702702702663e+04 2.253094438657981223e-03
1.205405405405405327e+04 1.177621388659970533e-03
1.208108108108108172e+04 6.379857264649371274e-04
1.210810810810810835e+04 3.574872334250873930e-04
1.213513513513513499e+04 2.200682215053281798e-04
1.216216216216216344e+04 1.216033741041851787e-04
1.218918918918918644e+04 7.683784416743343483e-05
1.221621621621621671e+04 5.695252163872111613e-05
1.224324324324324152e+04 4.637986943575344488e-05
1.227027027027026998e+04 4.211397468377723919e-05
1.229729729729729661e+04 3.398115115637407799e-05
1.232432432432432506e+04 2.247617279794010360e-05
1.235135135135134988e+04 1.427129064692254785e-05
1.237837837837838015e+04 7.975247157949884094e-06
1.240540540540540314e+04 9.121789202802507880e-06
1.243243243243243342e+04 1.801140048124908993e-06
1.245945945945945823e+04 2.556415015716555291e-06
1.248648648648648668e+04 4.505786284163988890e-06
1.251351351351351332e+04 5.896452186242626855e-06
1.254054054054054177e+04 1.950103481668308572e-06
1.256756756756756658e+04 8.780500836076752942e-07
1.259459459459459686e+04 -1.317397703024258970e-05
1.262162162162161985e+04 1.464015386565389193e-06
1.264864864864865012e+04 2.782398112731842568e-06
1.267567567567567494e+04 1.430915451770017884e-05
1.270270270270270157e+04 1.282560563336444447e-05
1.272972972972973002e+04 1.082330421283165572e-05
1.275675675675675666e+04 0.000000000000000000e+00
1.278378378378378329e+04 -9.047413960540540647e-06
1.281081081081080993e+04 -8.315486465604006249e-06
1.283783783783783656e+04 0.000000000000000000e+00
1.286486486486486501e+04 1.030420355811956712e-05
1.289189189189189165e+04 1.545084639725570485e-05
1.291891891891891828e+04 9.797811781535635141e-07
1.294594594594594673e+04 0.000000000000000000e+00
1.297297297297297337e+04 -2.696133826006282018e-06
1.300000000000000000e+04 0.000000000000000000e+00
1.302702702702702663e+04 4.734765900584255734e-06
1.305405405405405327e+04 6.600087822370093896e-06
1.308108108108108172e+04 6.478716085214008930e-06
1.310810810810810835e+04 -7.364017159003640778e-06
1.313513513513513499e+04 6.383581718571433125e-06
1.316216216216216344e+04 0.000000000000000000e+00
1.318918918918918644e+04 8.354934398747775182e-07
1.321621621621621671e+04 6.883924393252496853e-07
1.324324324324324152e+04 1.460233418762762724e-05
1.327027027027026998e+04 0.000000000000000000e+00
1.329729729729729661e+04 1.992670617437376927e-06
1.332432432432432506e+04 0.000000000000000000e+00
1.335135135135134988e+04 2.608654274281214987e-06
1.337837837837838015e+04 1.019358103239891347e-05
1.340540540540540314e+04 0.000000000000000000e+00
1.343243243243243342e+04 4.435085102634054624e-07
1.345945945945945823e+04 4.929143788444670832e-08
1.348648648648648668e+04 0.000000000000000000e+00
1.351351351351351332e+04 0.000000000000000000e+00
1.354054054054054177e+04 -8.628431143146963865e-06
1.356756756756756658e+04 6.905954682490721304e-07
1.359459459459459686e+04 3.946899761274198692e-06
1.362162162162161985e+04 0.000000000000000000e+00
1.364864864864864830e+04 1.283001129843899991e-06
1.367567567567567494e+04 0.000000000000000000e+00
1.370270270270270157e+04 2.468921208472720455e-07
1.372972972972973002e+04 2.839317374144460827e-06
1.375675675675675666e+04 5.926595409971436365e-07
1.378378378378378329e+04 0.000000000000000000e+00
1.381081081081080993e+04 -9.139664087167276077e-06
1.383783783783783656e+04 7.165636234105124191e-07
1.386486486486486501e+04 2.743166137621621104e-06
1.389189189189189165e+04 4.968720030615335120e-06
1.391891891891891828e+04 4.153530888506399013e-06
1.394594594594594673e+04 2.201147870576197752e-06
1.397297297297297337e+04 4.402942555381029422e-06
1.400000000000000000e+04 0.000000000000000000e+00
1.402702702702702663e+04 2.721885221114389475e-06
1.405405405405405327e+04 -9.155452181055514452e-06
1.408108108108108172e+04 7.943301202897230399e-06
1.410810810810810835e+04 0.000000000000000000e+00
1.413513513513513499e+04 9.706298371565664538e-06
1.416216216216216344e+04 -7.183062521394524852e-06
1.418918918918918644e+04 -8.420352205590715737e-06
1.421621621621621671e+04 0.000000000000000000e+00
1.424324324324324152e+04 -2.972931811742169671e-06
1.427027027027026998e+04 6.244429066659189910e-06
1.429729729729729661e+04 8.279395739505824979e-06
1.432432432432432506e+04 1.246763773745498021e-05
1.435135135135134988e+04 1.509926272493880166e-05
1.437837837837838015e+04 6.399281711520679747e-06
1.440540540540540314e+04 2.530038882240481266e-06
1.443243243243243342e+04 4.861954879435137455e-06
1.445945945945945823e+04 -8.683697853704673089e-06
1.448648648648648668e+04 8.584714523785509136e-06
1.451351351351351332e+04 -5.956292513872731389e-06
1.454054054054054177e+04 -4.963534794441626253e-07
1.456756756756756658e+04 4.866032012081416969e-06
1.459459459459459686e+04 3.898234853395026853e-06
1.462162162162161985e+04 0.000000000000000000e+00
1.464864864864864830e+04 6.208753102815946927e-07
1.467567567567567494e+04 6.829384481817530923e-06
1.470270270270270157e+04 1.153069058939795137e-05
1.472972972972973002e+04 7.403975985288249749e-06
1.475675675675675666e+04 2.112344306011239363e-06
1.478378378378378329e+04 5.716840564732078108e-07
1.481081081081080993e+04 2.063226167925889331e-06
1.483783783783783656e+04 0.000000000000000000e+00
1.486486486486486501e+04 0.000000000000000000e+00
1.489189189189189165e+04 7.411351011804002141e-06
1.491891891891891828e+04 0.000000000000000000e+00
1.494594594594594673e+04 7.461560293078622779e-07
1.497297297297297337e+04 1.293866686475971398e-06
1.500000000000000000e+04 3.681337615999999884e-06
1.502702702702702663e+04 0.000000000000000000e+00
1.505405405405405327e+04 -3.732936594508040039e-06
1.508108108108108172e+04 0.000000000000000000e+00
1.510810810810810835e+04 5.228168513037727485e-06
1.513513513513513317e+04 4.482959281077365126e-07
1.516216216216216344e+04 -1.992313655770067353e-06
1.518918918918918644e+04 -9.215456363912345438e-06
1.521621621621621671e+04 -9.213935177119067434e-06
1.524324324324324334e+04 5.804980794335967048e-06
1.527027027027026998e+04 0.000000000000000000e+00
1.529729729729729843e+04 2.492061887912432101e-07
1.532432432432432506e+04 4.362092324100769629e-06
1.535135135135135170e+04 9.769731502094739745e-06
1.537837837837838015e+04 5.236154912270428685e-06
1.540540540540540314e+04 2.118995553837365573e-06
1.543243243243243160e+04 1.346184008302604355e-06
1.545945945945945823e+04 0.000000000000000000e+00
1.548648648648648486e+04 0.000000000000000000e+00
1.551351351351351332e+04 1.197236841393811526e-06
1.554054054054053995e+04 6.461619383802045974e-06
1.556756756756756658e+04 6.735272566854795928e-07
1.559459459459459322e+04 0.000000000000000000e+00
1.562162162162161985e+04 0.000000000000000000e+00
1.564864864864864830e+04 1.247711417767898099e-07
1.567567567567567494e+04 7.236684297779021069e-06
1.570270270270270157e+04 1.243301324788647217e-05
1.572972972972973002e+04 7.490013192862073676e-08
1.575675675675675666e+04 -6.240212605396999126e-06
1.578378378378378329e+04 -5.742979334942393298e-06
1.581081081081080993e+04 0.000000000000000000e+00
1.583783783783783656e+04 7.243182940583433868e-07
1.586486486486486501e+04 -4.496151979410136545e-06
1.589189189189189165e+04 0.000000000000000000e+00
1.591891891891891828e+04 4.122221973564255319e-06
1.594594594594594673e+04 5.720973350962833407e-06
1.597297297297297337e+04 4.172668253016374646e-06
1.600000000000000000e+04 4.622185412000000423e-06
1.602702702702702663e+04 4.897892502157750837e-06
1.605405405405405327e+04 1.649330369217631115e-06
1.608108108108108172e+04 2.675065042667072803e-06
1.610810810810810835e+04 0.000000000000000000e+00
1.613513513513513499e+04 9.501109452307479900e-07
1.616216216216216344e+04 6.524760882132929921e-06
1.618918918918919007e+04 0.000000000000000000e+00
1.621621621621621671e+04 9.227704939600638680e-06
1.624324324324324334e+04 0.000000000000000000e+00
1.627027027027026998e+04 1.875748197754779541e-06
1.629729729729729843e+04 1.600667660678513606e-06
1.632432432432432506e+04 3.676988500040948442e-06
1.635135135135135170e+04 0.000000000000000000e+00
1.637837837837837651e+04 0.000000000000000000e+00
1.640540540540540314e+04 2.126269928968386561e-06
1.643243243243242978e+04 -7.006457165610339867e-06
1.645945945945946005e+04 0.000000000000000000e+00
1.648648648648648668e+04 8.056786778045475281e-06
1.651351351351351332e+04 6.007045360552225932e-07
1.654054054054053995e+04 1.751828094761885971e-06
1.656756756756756658e+04 0.000000000000000000e+00
1.659459459459459322e+04 4.980795454291515335e-06
1.662162162162161985e+04 0.000000000000000000e+00
1.664864864864864649e+04 -9.261839298018991357e-06
1.667567567567567312e+04 4.005671297977110733e-07
1.670270270270270339e+04 1.001512963862896578e-06
1.672972972972973002e+04 8.336457802702703363e-06
1.675675675675675666e+04 6.182149298827099259e-06
1.678378378378378329e+04 0.000000000000000000e+00
1.681081081081080993e+04 1.026810630844771240e-05
1.683783783783783656e+04 2.003216736406556894e-07
1.686486486486486319e+04 -9.266926944978818215e-06
1.689189189189189347e+04 3.004975930577944303e-06
1.691891891891892010e+04 0.000000000000000000e+00
1.694594594594594673e+04 0.000000000000000000e+00
1.697297297297297337e+04 2.579599313803294059e-06
1.700000000000000000e+04 0.000000000000000000e+00
1.702702702702702663e+04 2.755098701513870372e-07
1.705405405405405327e+04 3.857771725844233892e-06
1.708108108108107990e+04 4.132936177528551211e-06
1.710810810810810653e+04 6.714163818388088324e-06
1.713513513513513681e+04 1.803759453533599814e-06
1.716216216216216344e+04 1.002055923432939287e-06
1.718918918918919007e+04 3.632623339945610028e-06
1.721621621621621671e+04 -5.761771194394904495e-06
1.724324324324324334e+04 0.000000000000000000e+00
1.727027027027026998e+04 -2.505472781722476466e-07
1.729729729729729661e+04 -2.504884889963640659e-06
1.732432432432432688e+04 0.000000000000000000e+00
1.735135135135135351e+04 6.412417284244762264e-06
1.737837837837837651e+04 7.515486666059499613e-07
1.740540540540540314e+04 0.000000000000000000e+00
1.743243243243242978e+04 7.013778810144722018e-06
1.745945945945946005e+04 2.629723904322699111e-06
1.748648648648648668e+04 7.739911674637146651e-06
1.751351351351351332e+04 7.642580034199326856e-06
1.754054054054053995e+04 1.044567943252516522e-05
1.756756756756756658e+04 1.269829052333708657e-05
1.759459459459459322e+04 3.932013131329074091e-06
1.762162162162161985e+04 4.784157727959363432e-06
1.764864864864864649e+04 1.006678231249956406e-05
1.767567567567567312e+04 1.597561024703329050e-05
1.770270270270270339e+04 9.514718985236035346e-06
1.772972972972973002e+04 1.585052045885337172e-05
1.775675675675675666e+04 1.116673339592305698e-05
1.778378378378378329e+04 1.414594334619713830e-05
1.781081081081080993e+04 9.261609327932797609e-06
1.783783783783783656e+04 9.135985160660619443e-06
1.786486486486486319e+04 9.336353170852763382e-06
1.789189189189189347e+04 2.460530188571829292e-05
1.791891891891892010e+04 1.829524143312584160e-05
1.794594594594594673e+04 1.909573860618616730e-05
1.797297297297297337e+04 1.759078065037019586e-05
1.800000000000000000e+04 2.962172183040000058e-05
1.802702702702702663e+04 -4.862369286465381105e-04
1.805405405405405327e+04 -3.752102054988734186e-05
1.808108108108107990e+04 2.388473126147279532e-04
1.810810810810810653e+04 -2.059826178362793509e-04
1.813513513513513681e+04 4.522895668360785962e-04
1.816216216216216344e+04 2.651118853918660008e-04
1.818918918918919007e+04 -1.529087520311530831e-04
1.821621621621621671e+04 4.250030481862508572e-04
1.824324324324324334e+04 -2.367962362167787499e-04
1.827027027027026998e+04 7.833418221971328937e-05
1.829729729729729661e+04 -7.029872562954055494e-04
1.832432432432432688e+04 1.621021659609767464e-05
1.835135135135134988e+04 -1.239652736855524347e-04
1.837837837837837651e+04 -2.215040235709741373e-04
1.840540540540540314e+04 4.201816621959738305e-04
1.843243243243242978e+04 2.711048533304438954e-05
1.845945945945946005e+04 5.059984849207857256e-04
1.848648648648648668e+04 5.017176895399848920e-05
1.851351351351351332e+04 9.780197373422589747e-04
1.854054054054053995e+04 -4.544941935163169600e-04
1.856756756756756658e+04 1.918894411940066946e-04
1.859459459459459322e+04 2.576754420965572949e-04
1.862162162162161985e+04 -4.866000718089531622e-04
1.864864864864864649e+04 4.391386203203670089e-04
1.867567567567567312e+04 4.994125387218444458e-04
1.870270270270270339e+04 -3.268670424888212717e-04
1.872972972972973002e+04 -3.596782157719609482e-04
1.875675675675675666e+04 1.714673754113461509e-04
1.878378378378378329e+04 1.134878519827465550e-03
1.881081081081080993e+04 2.766044044154147407e-04
1.883783783783783656e+04 5.810065046325062601e-04
1.886486486486486319e+04 5.752431737321208336e-04
1.889189189189189347e+04 5.180222028677205961e-04
1.891891891891892010e+04 4.580997815393963567e-04
1.894594594594594673e+04 1.552693291257148129e-03
1.897297297297297337e+04 5.976618854234231476e-04
1.900000000000000000e+04 2.111004126501599652e-03
1.902702702702702663e+04 1.756837281189219287e-03
1.905405405405405327e+04 1.254205675531282812e-03
1.908108108108107990e+04 8.171487934495088581e-04
1.910810810810810653e+04 1.841692560348121011e-03
1.913513513513513681e+04 1.092244228021877015e-03
1.916216216216216344e+04 2.926137495241857601e-03
1.918918918918919007e+04 3.180441615069556915e-03
1.921621621621621671e+04 4.235863627673997281e-03
1.924324324324324334e+04 5.543496530778769214e-03
1.927027027027026998e+04 5.564510418057432364e-03
1.929729729729729661e+04 8.476208143981981552e-03
1.932432432432432688e+04 8.357624691611737627e-03
1.935135135135134988e+04 9.578647473607641849e-03
1.937837837837837651e+04 1.214240380506115095e-02
1.940540540540540314e+04 1.617423106965290222e-02
1.943243243243242978e+04 1.564233172713019177e-02
1.945945945945946005e+04 2.053468810804280273e-02
1.948648648648648668e+04 2.365989275778914921e-02
1.951351351351351332e+04 2.892544603634101749e-02
1.954054054054053995e+04 3.429382746728925485e-02
1.956756756756756658e+04 3.968485145937045155e-02
1.959459459459459322e+04 4.860092407183429219e-02
1.962162162162161985e+04 6.190575153174606576e-02
1.964864864864864649e+04 7.124155034943578657e-02
1.967567567567567312e+04 8.684694815108413846e-02
1.970270270270270339e+04 1.033372139581028581e-01
1.972972972972973002e+04 1.262784059883209631e-01
1.975675675675675666e+04 1.533982692543088000e-01
1.978378378378378329e+04 1.881032237682417063e-01
1.981081081081080993e+04 2.235334109473963715e-01
1.983783783783783656e+04 2.695382560648946768e-01
1.986486486486486319e+04 3.169937217044205280e-01
1.989189189189189347e+04 3.752556240474542171e-01
1.991891891891892010e+04 4.307506065055859423e-01
1.994594594594594673e+04 4.937650999581635891e-01
1.997297297297297337e+04 5.510187408487335903e-01
2.000000000000000000e+04 5.975166722568000521e-01
2.002702702702702663e+04 6.521044945898958334e-01
2.005405405405405327e+04 6.931650495613147500e-01
2.008108108108107990e+04 7.226373580001600461e-01
2.010810810810810653e+04 7.499635860310196467e-01
2.013513513513513681e+04 7.679697432726315665e-01
2.016216216216216344e+04 7.767276131148874718e-01
2.018918918918919007e+04 7.874443112286191315e-01
2.021621621621621671e+04 7.909119982620921308e-01
2.024324324324324334e+04 7.919231655326747221e-01
2.027027027027026998e+04 7.974849831920280963e-01
2.029729729729729661e+04 7.994112837793599935e-01
2.032432432432432324e+04 7.972650905375112673e-01
2.035135135135134988e+04 8.000503758811391419e-01
2.037837837837837651e+04 8.019770064992969294e-01
2.040540540540540314e+04 8.009705366735765386e-01
2.043243243243242978e+04 8.039177585757086852e-01
2.045945945945946005e+04 8.088256231506291138e-01
2.048648648648648305e+04 8.080432803040917822e-01
2.051351351351351332e+04 8.108832394585305803e-01
2.054054054054053995e+04 8.168873779137535429e-01
2.056756756756756658e+04 8.181865762951660015e-01
2.059459459459459322e+04 8.211701483546862690e-01
2.062162162162161985e+04 8.248660031227564859e-01
2.064864864864865012e+04 8.292788673336562999e-01
2.067567567567567312e+04 8.292616412960314154e-01
2.070270270270269975e+04 8.331642156946841293e-01
2.072972972972973002e+04 8.386093361636000054e-01
2.075675675675676030e+04 8.394311135910683674e-01
2.078378378378378329e+04 8.411858104840592709e-01
2.081081081081080629e+04 8.449878046019766442e-01
2.083783783783783656e+04 8.467776092349040828e-01
2.086486486486486683e+04 8.469922337676681900e-01
2.089189189189189347e+04 8.478969965273606135e-01
2.091891891891891646e+04 8.520708578508896514e-01
2.094594594594594673e+04 8.522349709425505182e-01
2.097297297297297337e+04 8.518860724935819473e-01
2.100000000000000000e+04 8.504571141101100462e-01
2.102702702702702663e+04 8.541243312072400728e-01
2.105405405405405327e+04 8.524767370838881586e-01
2.108108108108108354e+04 8.518052108314032589e-01
2.110810810810810653e+04 8.527474759923919789e-01
2.113513513513513317e+04 8.529751410267523148e-01
2.116216216216216344e+04 8.531644476733649674e-01
2.118918918918919371e+04 8.497524909916643887e-01
2.121621621621621671e+04 8.552466303945385206e-01
2.124324324324323970e+04 8.555583502613305358e-01
2.127027027027026998e+04 8.581388372481769666e-01
2.129729729729730025e+04 8.571047097288679861e-01
2.132432432432432688e+04 8.592163671802367508e-01
2.135135135135134988e+04 8.636889187345799801e-01
2.137837837837837287e+04 8.607207848100626446e-01
2.140540540540540314e+04 8.594763882318680048e-01
2.143243243243243342e+04 8.555290398995580858e-01
2.145945945945946005e+04 8.537034691024405486e-01
2.148648648648648305e+04 8.556233971327891208e-01
2.151351351351351332e+04 8.513155783298580470e-01
2.154054054054053995e+04 8.507372116352044378e-01
2.156756756756756658e+04 8.505610772356422267e-01
2.159459459459459322e+04 8.552473909254337814e-01
2.162162162162161985e+04 8.541906415837595690e-01
2.164864864864865012e+04 8.583359262435729109e-01
2.167567567567567312e+04 8.573806494251119403e-01
2.170270270270269975e+04 8.585961325483391082e-01
2.172972972972973002e+04 8.587235810247066947e-01
2.175675675675676030e+04 8.572663603271458710e-01
2.178378378378378329e+04 8.552656125491845396e-01
2.181081081081080629e+04 8.533935749436381002e-01
2.183783783783783656e+04 8.570708430052867977e-01
2.186486486486486683e+04 8.591135034274047788e-01
2.189189189189189347e+04 8.662380984013376972e-01
2.191891891891891646e+04 8.649228406409609216e-01
2.194594594594594673e+04 8.656069588301960049e-01
2.197297297297297337e+04 8.647808868292992113e-01
2.200000000000000000e+04 8.621416739388721995e-01
2.202702702702702663e+04 8.650952112889244150e-01
2.205405405405405327e+04 8.627089774239252717e-01
2.208108108108108354e+04 8.647646854385616644e-01
2.210810810810810653e+04 8.647798906980360689e-01
2.213513513513513317e+04 8.677186033947349442e-01
2.216216216216216344e+04 8.663234757481724779e-01
2.218918918918919371e+04 8.625499348258456322e-01
2.221621621621621671e+04 8.598333319198948610e-01
2.224324324324323970e+04 8.599411822040776698e-01
2.227027027027026998e+04 8.570463054862578200e-01
2.229729729729729661e+04 8.592495484013839002e-01
2.232432432432432688e+04 8.565576830332857217e-01
2.235135135135134988e+04 8.552965623012972474e-01
2.237837837837837287e+04 8.534392662270241514e-01
2.240540540540540314e+04 8.477115089263925762e-01
2.243243243243243342e+04 8.493343663639543184e-01
2.245945945945946005e+04 8.482158910968730092e-01
2.248648648648648305e+04 8.494842908506665680e-01
2.251351351351351332e+04 8.515999778014579080e-01
2.254054054054053995e+04 8.500953795128076695e-01
2.256756756756756658e+04 8.503318222218907430e-01
2.259459459459459322e+04 8.517728452052990562e-01
2.262162162162161985e+04 8.557366520176511449e-01
2.264864864864865012e+04 8.582006602691486519e-01
2.267567567567567312e+04 8.598906401578767511e-01
2.270270270270269975e+04 8.583620003720121572e-01
2.272972972972973002e+04 8.545817054360768106e-01
2.275675675675676030e+04 8.465377594006745499e-01
2.278378378378378329e+04 8.345034241413750165e-01
2.281081081081080629e+04 8.149828989380536459e-01
2.283783783783783656e+04 7.859343852506990302e-01
2.286486486486486683e+04 7.467500275756876471e-01
2.289189189189189347e+04 7.007609843176745290e-01
2.291891891891891646e+04 6.465759956699793642e-01
2.294594594594594673e+04 5.857869837472311492e-01
2.297297297297297337e+04 5.240440544493568664e-01
2.300000000000000000e+04 4.613330493098999896e-01
2.302702702702702663e+04 4.007681041110677245e-01
2.305405405405405327e+04 3.431296285482911546e-01
2.308108108108108354e+04 2.924610106678484645e-01
2.310810810810810653e+04 2.464836150620350330e-01
2.313513513513513317e+04 2.055859015317189065e-01
2.316216216216216344e+04 1.710337631788902413e-01
2.318918918918919371e+04 1.427178610705234496e-01
2.321621621621621671e+04 1.196492058962488753e-01
2.324324324324323970e+04 1.005053875311673062e-01
2.327027027027026998e+04 8.519512048480186450e-02
2.329729729729729661e+04 7.164199990870340207e-02
2.332432432432432688e+04 5.945810013522859899e-02
2.335135135135134988e+04 4.944123789106769779e-02
2.337837837837837287e+04 4.153012248115305755e-02
2.340540540540540314e+04 3.527967561705099703e-02
2.343243243243243342e+04 3.093510705099274116e-02
2.345945945945946005e+04 2.704852205686535810e-02
2.348648648648648305e+04 2.404024413117179446e-02
2.351351351351351332e+04 2.026393845825055426e-02
2.354054054054053995e+04 1.734533561031350798e-02
2.356756756756756658e+04 1.433403457100180731e-02
2.359459459459459322e+04 1.304921659924014078e-02
2.362162162162161985e+04 1.096603185980070221e-02
2.364864864864865012e+04 9.580256378786320554e-03
2.367567567567567312e+04 8.581290699348768231e-03
2.370270270270269975e+04 8.423408128209930804e-03
2.372972972972973002e+04 7.833266103837267097e-03
2.375675675675676030e+04 4.856602520114701969e-03
2.378378378378378329e+04 4.140910414395547641e-03
2.381081081081080629e+04 3.253649936800393286e-03
2.383783783783783656e+04 3.712847818244052397e-03
2.386486486486486683e+04 3.452168451439719624e-03
2.389189189189189347e+04 4.140502439889229107e-03
2.391891891891891646e+04 2.463842205639949455e-03
2.394594594594594673e+04 1.646625741483630874e-03
2.397297297297297337e+04 1.624113411714104595e-03
2.400000000000000000e+04 9.621120344249999533e-04
2.402702702702702663e+04 2.021288833609303105e-03
2.405405405405405327e+04 2.181122664147577828e-03
2.408108108108108354e+04 1.522326838440828112e-03
2.410810810810810653e+04 1.431359311683254830e-03
2.413513513513513317e+04 6.023217179580777096e-04
2.416216216216216344e+04 3.239678973219257854e-04
2.418918918918919371e+04 5.339132654086550236e-04
2.421621621621621671e+04 5.890892507060056489e-04
2.424324324324323970e+04 2.154240303935448398e-03
2.427027027027026998e+04 -4.136319977930844955e-05
2.429729729729729661e+04 1.170689392727727873e-03
2.432432432432432688e+04 -3.066756680811660862e-04
2.435135135135134988e+04 5.626464680506993062e-04
2.437837837837837287e+04 5.652184707606252873e-04
2.440540540540540314e+04 9.303453561829546151e-04
2.443243243243243342e+04 4.597929271614844605e-04
2.445945945945946005e+04 7.135965182022415776e-04
2.448648648648648305e+04 3.343619605496567747e-04
2.451351351351351332e+04 -4.666570435348635137e-05
2.454054054054053995e+04 2.522892758370118109e-04
2.456756756756756658e+04 -7.421368184500326927e-04
2.459459459459459322e+04 7.126470397847247317e-04
2.462162162162161985e+04 -3.067748575800392091e-04
2.464864864864865012e+04 -5.156062590872794588e-04
2.467567567567567312e+04 -3.010646981158880448e-04
2.470270270270269975e+04 6.110643799678399095e-05
2.472972972972973002e+04 2.269331997309533108e-04
2.475675675675676030e+04 2.760959677797618383e-04
2.478378378378378329e+04 4.128747144481375100e-04
2.481081081081080629e+04 -4.281577331770624923e-04
2.483783783783783656e+04 -2.722149668180475564e-04
2.486486486486486683e+04 -8.075656465810832681e-05
2.489189189189189347e+04 5.399208235002864566e-04
2.491891891891891646e+04 1.272489889394423086e-05
2.494594594594594673e+04 1.721512580287131410e-04
2.497297297297297337e+04 -4.244953299794017071e-04
2.500000000000000000e+04 -2.358364808579999669e-04
2.502702702702702663e+04 7.561980740091833568e-05
2.505405405405405327e+04 4.557999314025961806e-05
2.508108108108108354e+04 2.299197598193124693e-06
2.510810810810810653e+04 3.071392955604251347e-05
2.513513513513513317e+04 6.721701658028777853e-05
2.516216216216216344e+04 4.120758236205242811e-05
2.518918918918919371e+04 -5.412811970588881115e-05
2.521621621621621671e+04 -2.360008978964647981e-05
2.524324324324323970e+04 -8.887858013028642536e-06
2.527027027027026634e+04 2.782577365804670666e-05
2.529729729729729661e+04 4.198964309161269789e-05
2.532432432432432688e+04 9.910899574171880551e-06
2.535135135135134988e+04 -2.782947034681056215e-05
2.537837837837837287e+04 -2.340594058969903467e-06
2.540540540540540314e+04 6.931849157642379387e-06
2.543243243243243342e+04 -1.772445316802286378e-05
2.545945945945946005e+04 -2.550601505164940312e-05
2.548648648648648668e+04 -1.907483448785868404e-05
2.551351351351351332e+04 -2.094933534773903107e-05
2.554054054054053995e+04 -1.178689229559024333e-05
2.556756756756756658e+04 -1.071779472175711777e-05
2.559459459459459686e+04 -2.009140334088998967e-06
2.562162162162161985e+04 -5.708106649041944554e-06
2.564864864864865012e+04 -1.472796241311224222e-05
2.567567567567567312e+04 -5.685563421136466762e-06
2.570270270270270339e+04 -1.793448463371912974e-05
2.572972972972973002e+04 -1.072035871294990852e-05
2.575675675675676030e+04 -6.012558851247508700e-06
2.578378378378378329e+04 -4.395910054452008933e-06
2.581081081081080629e+04 -2.374440802175279992e-06
2.583783783783783656e+04 1.366130413073372145e-06
2.586486486486486319e+04 3.986756341272075891e-06
2.589189189189189347e+04 2.647820575776174906e-06
2.591891891891891646e+04 2.941857153539884033e-06
2.594594594594594673e+04 4.086524505324626248e-06
2.597297297297296973e+04 -2.924637524659206866e-06
2.600000000000000000e+04 -1.524572647771234847e-07
2.602702702702702663e+04 3.176843669985433186e-06
2.605405405405405327e+04 3.806875899941529484e-06
2.608108108108107990e+04 1.456391201310480876e-06
2.610810810810810653e+04 -2.269748792860383845e-07
2.613513513513513317e+04 1.869464229211985666e-06
2.616216216216216344e+04 3.015293908775651454e-06
2.618918918918918644e+04 1.739485190769167845e-06
2.621621621621621671e+04 -1.480827223376515930e-06
2.624324324324323970e+04 -1.510556238817781571e-06
2.627027027027026998e+04 2.273563648886254791e-06
2.629729729729729661e+04 2.659989569959311938e-06
2.632432432432432688e+04 1.081397034749170542e-06
2.635135135135134988e+04 6.318213081131891541e-07
2.637837837837838015e+04 2.408914132623291255e-06
2.640540540540540314e+04 1.729235194927454360e-06
2.643243243243243342e+04 3.166975291557958355e-07
2.645945945945946005e+04 -6.680850758149235931e-07
2.648648648648648668e+04 1.773331790806650168e-07
2.651351351351351332e+04 2.035533824793169717e-07
2.654054054054053995e+04 7.017644456643576755e-07
2.656756756756756658e+04 1.051904151466770594e-06
2.659459459459459686e+04 -1.418866818261447040e-07
2.662162162162161985e+04 -1.469562887099711688e-06
2.664864864864865012e+04 -1.511510038432591630e-06
2.667567567567567312e+04 -6.301627046072388077e-07
2.670270270270270339e+04 6.927429613242802530e-07
2.672972972972973002e+04 1.604112974060296488e-07
2.675675675675675302e+04 6.669595376403733187e-07
2.678378378378378329e+04 8.209639637313626474e-07
2.681081081081080629e+04 -3.134253499298014975e-07
2.683783783783783656e+04 -1.272810640263635371e-07
2.686486486486486319e+04 -8.522973270596783881e-08
2.689189189189189347e+04 3.492600868506691402e-07
2.691891891891891646e+04 1.496127184729962929e-06
2.694594594594594673e+04 2.077439287962664492e-06
2.697297297297296973e+04 1.178254321568430268e-06
2.700000000000000000e+04 2.814104954294604469e-07
2.702702702702702663e+04 5.832614703694654832e-07
2.705405405405405327e+04 3.169948971746828214e-07
2.708108108108107990e+04 9.900593368436292904e-07
2.710810810810810653e+04 1.664316262270704328e-06
2.713513513513513317e+04 1.109043311812556989e-06
2.716216216216216344e+04 3.116273635513101956e-07
2.718918918918918644e+04 1.174807344954543792e-06
2.721621621621621671e+04 2.515805270523912716e-06
2.724324324324323970e+04 6.486050180296569686e-07
2.727027027027026998e+04 8.223549749918812913e-07
2.729729729729729661e+04 1.543897675502004119e-06
2.732432432432432688e+04 2.184304835693285728e-06
2.735135135135134988e+04 -2.801301091392422832e-08
2.737837837837838015e+04 2.000193958479382826e-07
2.740540540540540314e+04 1.321851417663520771e-06
2.743243243243243342e+04 1.981467791109020077e-06
2.745945945945946005e+04 6.096884708370102817e-07
2.748648648648648668e+04 8.018555087802092929e-08
2.751351351351351332e+04 4.713405693418303467e-07
2.754054054054053995e+04 6.504815783389432436e-07
2.756756756756756658e+04 3.744248537589632414e-07
2.759459459459459686e+04 7.889954742014922281e-08
2.762162162162161985e+04 1.292087792615207821e-07
2.764864864864865012e+04 -2.860991828078368135e-07
2.767567567567567312e+04 -4.667650587074541562e-07
2.770270270270270339e+04 -3.085459832993615408e-07
2.772972972972973002e+04 4.230122173627624227e-07
2.775675675675675302e+04 4.253890995830218172e-07
2.778378378378378329e+04 3.149094884800161663e-07
2.781081081081080629e+04 1.184742704248202009e-06
2.783783783783783656e+04 1.976095869332760880e-06
2.786486486486486319e+04 1.989454963310581115e-06
2.789189189189189347e+04 6.608292433474936542e-07
2.791891891891891646e+04 1.388305765939542245e-06
2.794594594594594673e+04 1.661043400358575041e-06
2.797297297297296973e+04 1.298676492822964942e-06
2.800000000000000000e+04 1.961962855241175328e-06
2.802702702702702663e+04 2.147069487841655254e-06
2.805405405405405327e+04 2.038572158461128829e-06
2.808108108108107990e+04 2.199673733120858252e-06
2.810810810810810653e+04 1.617973630311159950e-06
2.813513513513513317e+04 7.545521548371073311e-07
2.816216216216216344e+04 1.648790825196573170e-07
2.818918918918918644e+04 5.023486974309019458e-07
2.821621621621621671e+04 9.013233979645474540e-07
2.824324324324323970e+04 6.535282515221619947e-07
2.827027027027026998e+04 6.606235086621054472e-07
2.829729729729729661e+04 8.855813916293894027e-07
2.832432432432432688e+04 1.431159064840220584e-06
2.835135135135134988e+04 8.671114838836145729e-07
2.837837837837838015e+04 1.935163735288782405e-07
2.840540540540540314e+04 -3.011916156838535267e-07
2.843243243243243342e+04 3.627952286739247646e-07
2.845945945945946005e+04 8.014978449593075727e-07
2.848648648648648668e+04 5.397122788409070577e-07
2.851351351351351332e+04 4.273034874402138930e-07
2.854054054054053995e+04 5.278037866501469386e-07
2.856756756756756658e+04 9.622392186697352281e-07
2.859459459459459686e+04 8.515406908517177032e-07
2.862162162162161985e+04 8.456981830894070628e-07
2.864864864864865012e+04 1.212151968552347277e-06
2.867567567567567312e+04 7.909517544312046031e-07
2.870270270270270339e+04 3.857738230129066021e-07
2.872972972972973002e+04 3.925556879787175473e-07
2.875675675675675302e+04 8.920423855793012993e-07
2.878378378378378329e+04 1.297544477963559427e-06
2.881081081081080629e+04 9.999371713701241760e-07
2.883783783783783656e+04 1.430878995263355321e-06
2.886486486486486319e+04 2.032595045126434863e-06
2.889189189189189347e+04 2.088484470201328919e-06
2.891891891891891646e+04 2.540554379773491930e-06
2.894594594594594673e+04 3.021892378271863178e-06
2.897297297297296973e+04 1.357690671758166355e-06
2.900000000000000000e+04 7.787739472129046981e-07
2.902702702702702663e+04 1.154788391602567241e-06
2.905405405405405327e+04 1.706552125108878009e-06
2.908108108108107990e+04 1.622062063788914020e-06
2.910810810810810653e+04 6.233603667642971469e-07
2.913513513513513317e+04 1.079888321967516728e-06
2.916216216216216344e+04 1.779759528147966311e-06
2.918918918918918644e+04 2.437907360361140970e-06
2.921621621621621671e+04 2.526757061966745895e-06
2.924324324324323970e+04 2.351892892909698490e-06
2.927027027027026998e+04 2.014033093600415691e-06
2.929729729729729661e+04 1.520039998851808615e-06
2.932432432432432688e+04 8.908372538838527708e-07
2.935135135135134988e+04 1.899130805050750397e-06
2.937837837837838015e+04 1.956295038145481099e-06
2.940540540540540314e+04 1.733184459115507489e-07
2.943243243243243342e+04 2.422612970862313355e-07
2.945945945945946005e+04 8.339848588853462600e-07
2.948648648648648668e+04 1.117496710215113570e-06
2.951351351351351332e+04 8.131913285990248677e-07
2.954054054054053995e+04 3.518825615177666345e-08
2.956756756756756658e+04 7.629404494044770676e-08
2.959459459459459686e+04 2.450906482289133550e-07
2.962162162162161985e+04 5.741580774054014167e-07
2.964864864864865012e+04 1.299446770823297432e-06
2.967567567567567312e+04 2.090685703283844201e-06
2.970270270270270339e+04 1.712734540316437602e-06
2.972972972972973002e+04 1.457761008350231662e-06
2.975675675675675302e+04 1.356402783578233904e-06
2.978378378378378329e+04 1.245687030436858466e-06
2.981081081081080629e+04 1.184680135117032959e-06
2.983783783783783656e+04 1.386450651926728593e-06
2.986486486486486319e+04 1.850997945263203208e-06
2.989189189189189347e+04 2.545188902379264061e-06
2.991891891891891646e+04 1.947270855015110456e-06
2.994594594594594673e+04 1.294672946980041450e-06
2.997297297297296973e+04 1.096730278179070551e-06
3.000000000000000000e+04 7.626286602240000898e-07
3.002702702702702663e+04 3.271864446971862792e-07
3.005405405405405327e+04 -1.551094587741114671e-07
3.008108108108107990e+04 -5.886166906023367189e-07
3.010810810810810653e+04 -8.728057329122362409e-07
3.013513513513513317e+04 -9.082296795560222059e-07
3.016216216216216344e+04 -7.453055178559697654e-07
3.018918918918918644e+04 5.539198560914276048e-08
3.021621621621621671e+04 7.847083182988723760e-07
3.024324324324323970e+04 7.878111199035176513e-07
3.027027027027026998e+04 6.371024029408128737e-07
3.029729729729729661e+04 3.211947073561245813e-07
3.032432432432432688e+04 7.757306266341746988e-07
3.035135135135134988e+04 1.295069705975430017e-06
3.037837837837838015e+04 9.166402087553798741e-08
3.040540540540540314e+04 -4.041662329148585698e-07
3.043243243243243342e+04 3.727554830542404795e-07
3.045945945945946005e+04 1.132251466793580577e-06
3.048648648648648668e+04 1.929594769523064547e-06
3.051351351351351332e+04 9.550060901406883915e-07
3.054054054054053995e+04 7.313546726965712038e-08
3.056756756756756658e+04 2.166963483082574865e-07
3.059459459459459686e+04 1.722719853060139928e-07
3.062162162162161985e+04 -8.935741000833994169e-08
3.064864864864865012e+04 -1.238749622954494697e-07
3.067567567567567312e+04 -7.621255917892378279e-08
3.070270270270269975e+04 1.246524920880401361e-07
3.072972972972973002e+04 1.763403689481438932e-07
3.075675675675675302e+04 -1.766951619858229320e-07
3.078378378378378329e+04 1.673281316529126363e-07
3.081081081081080629e+04 1.125912352623579101e-06
3.083783783783783656e+04 2.175219307883399665e-06
3.086486486486486319e+04 3.206346152503870498e-06
3.089189189189189347e+04 2.824417026291282501e-06
3.091891891891891646e+04 2.211407710414002102e-06
3.094594594594594673e+04 9.662965738165921976e-07
3.097297297297296973e+04 5.082036669834568366e-07
3.100000000000000000e+04 8.471043472844781340e-07
3.102702702702702663e+04 1.384299351015456554e-06
3.105405405405405327e+04 1.979811500951294107e-06
3.108108108108107990e+04 1.504102825661816811e-06
3.110810810810810653e+04 1.198042111673857677e-06
3.113513513513513317e+04 2.191336190716309376e-06
3.116216216216216344e+04 2.562998547475845942e-06
3.118918918918918644e+04 1.918007477004742127e-06
3.121621621621621671e+04 1.474310296799218241e-06
3.124324324324323970e+04 1.183753861045835943e-06
3.127027027027026998e+04 1.832522210201239488e-06
3.129729729729729661e+04 2.730291198959058961e-06
3.132432432432432688e+04 2.203552027516696983e-06
3.135135135135134988e+04 1.614812774953865556e-06
3.137837837837838015e+04 9.715783373848782432e-07
3.140540540540540314e+04 8.323386728679312096e-07
3.143243243243243342e+04 1.733082144604096063e-06
3.145945945945946005e+04 1.819380768864118035e-06
3.148648648648648668e+04 1.092565937885550209e-06
3.151351351351351332e+04 7.848777564861637555e-07
3.154054054054053995e+04 6.989680055108028821e-07
3.156756756756756658e+04 6.899794701016804007e-07
3.159459459459459686e+04 6.992814779507175720e-07
3.162162162162161985e+04 1.017086897926726655e-06
3.164864864864865012e+04 1.300091111437352860e-06
3.167567567567567312e+04 1.269920229774685867e-06
3.170270270270269975e+04 1.344495802835532378e-06
3.172972972972973002e+04 1.709573965157020650e-06
3.175675675675675302e+04 1.683405177966529694e-06
3.178378378378378329e+04 1.074442951303104059e-06
3.181081081081080629e+04 8.801121540360685581e-07
3.183783783783783656e+04 1.049733762687281427e-06
3.186486486486486319e+04 1.079215325439904001e-06
3.189189189189189347e+04 1.036266415802146944e-06
3.191891891891891646e+04 8.618530503511746761e-07
3.194594594594594673e+04 6.502184373357350642e-07
3.197297297297296973e+04 9.831769961486281850e-07
3.200000000000000000e+04 1.383610052519999895e-06
3.210000000000000000e+04 0.0000000000000000000000
