# H_vista
7.972972972972973366e+03 0.000000000000000000e+00
8.000000000000000000e+03 0.000000000000000000e+00
8.027027027027026634e+03 0.000000000000000000e+00
8.054054054054054177e+03 1.074005999786809732e-05
8.081081081081081720e+03 1.057009682298901246e-04
8.108108108108108354e+03 0.000000000000000000e+00
8.135135135135134988e+03 0.000000000000000000e+00
8.162162162162162531e+03 0.000000000000000000e+00
8.189189189189190074e+03 -6.326036901437922811e-06
8.216216216216216708e+03 -4.320019126247061154e-06
8.243243243243243342e+03 -1.403343236031702393e-05
8.270270270270269975e+03 -1.434651556376171768e-05
8.297297297297298428e+03 -3.184505878663473731e-05
8.324324324324325062e+03 -4.320162694878015185e-05
8.351351351351351695e+03 -5.080307645668298637e-05
8.378378378378378329e+03 -5.851863125204966683e-05
8.405405405405404963e+03 -6.630271102234621457e-05
8.432432432432431597e+03 -6.675833136080641542e-05
8.459459459459460049e+03 -6.717251461913512035e-05
8.486486486486486683e+03 -7.244667710759574504e-05
8.513513513513513317e+03 -7.546387153084004235e-05
8.540540540540539951e+03 -6.704617045789329206e-05
8.567567567567568403e+03 2.128878250386394950e-04
8.594594594594593218e+03 9.207518300617563434e-04
8.621621621621619852e+03 3.773469126066751682e-05
8.648648648648648305e+03 7.196688877395304612e-06
8.675675675675674938e+03 6.762283923370800376e-06
8.702702702702701572e+03 -4.202790902598304633e-07
8.729729729729730025e+03 -2.275403498999485876e-05
8.756756756756756658e+03 7.364709595578218732e-06
8.783783783783783292e+03 -2.357245348303871530e-05
8.810810810810809926e+03 1.955877400948535823e-05
8.837837837837836560e+03 1.236168062832644076e-05
8.864864864864865012e+03 1.216742527986501342e-05
8.891891891891891646e+03 8.827339923278813854e-06
8.918918918918918280e+03 1.110578321454961673e-05
8.945945945945946733e+03 9.149968104455057419e-06
8.972972972972973366e+03 4.066277975762373459e-06
9.000000000000000000e+03 -8.072864988000000717e-06
9.027027027027026634e+03 -5.690097019312272503e-06
9.054054054054053267e+03 7.813791039417513387e-06
9.081081081081081720e+03 -8.809335762229999946e-07
9.108108108108108354e+03 3.774245685730788927e-06
9.135135135135134988e+03 6.374829704255676584e-06
9.162162162162163440e+03 7.966605948010072139e-06
9.189189189189190074e+03 6.052156845655956180e-06
9.216216216216216708e+03 9.990492878331057002e-06
9.243243243243243342e+03 5.698862903819996906e-06
9.270270270270269975e+03 1.245161128578646638e-05
9.297297297297298428e+03 1.817240276034065264e-06
9.324324324324323243e+03 -7.641241735542478954e-07
9.351351351351351695e+03 6.755757596141480013e-07
9.378378378378378329e+03 4.104968027210935596e-06
9.405405405405404963e+03 6.662065341534790853e-06
9.432432432432431597e+03 9.070104496437633964e-06
9.459459459459460049e+03 1.178164081237668764e-05
9.486486486486486683e+03 6.670490411187831216e-06
9.513513513513513317e+03 5.837116257256479440e-06
9.540540540540539951e+03 5.980718890328193813e-06
9.567567567567568403e+03 5.736326794202285052e-06
9.594594594594593218e+03 2.073990784512941544e-06
9.621621621621619852e+03 2.487492859141836875e-06
9.648648648648648305e+03 1.141786424480963420e-06
9.675675675675674938e+03 4.023793162612117561e-06
9.702702702702701572e+03 1.853639756642537947e-06
9.729729729729730025e+03 2.496709287595642967e-06
9.756756756756756658e+03 8.206212758658820743e-06
9.783783783783783292e+03 4.886815149808542241e-06
9.810810810810809926e+03 6.384775226474938966e-06
9.837837837837836560e+03 0.000000000000000000e+00
9.864864864864865012e+03 2.484186949410475404e-06
9.891891891891891646e+03 1.611531170541713186e-07
9.918918918918918280e+03 2.765820128278439438e-07
9.945945945945946733e+03 0.000000000000000000e+00
9.972972972972973366e+03 3.600530556593859425e-06
1.000000000000000000e+04 1.709602802000000115e-06
1.002702702702702663e+04 2.819997929329175325e-06
1.005405405405405327e+04 3.470319862942082741e-07
1.008108108108108172e+04 1.851997778984383734e-07
1.010810810810810835e+04 3.474621293813305577e-06
1.013513513513513499e+04 0.000000000000000000e+00
1.016216216216216344e+04 0.000000000000000000e+00
1.018918918918919007e+04 6.966557702818443642e-08
1.021621621621621489e+04 0.000000000000000000e+00
1.024324324324324152e+04 5.814540446835822839e-07
1.027027027027026998e+04 8.379007052370544210e-07
1.029729729729729661e+04 2.585619149081810860e-06
1.032432432432432506e+04 3.075317878279098061e-06
1.035135135135134988e+04 1.492892000618231480e-06
1.037837837837838015e+04 7.234300284268367459e-07
1.040540540540540314e+04 1.331306826505938128e-06
1.043243243243243342e+04 1.519061316431518243e-06
1.045945945945945823e+04 0.000000000000000000e+00
1.048648648648648668e+04 5.618114005069167363e-07
1.051351351351351332e+04 3.420979455016634940e-06
1.054054054054054177e+04 1.827907996113363181e-06
1.056756756756756658e+04 6.332675165823636801e-07
1.059459459459459686e+04 4.693877505716948165e-07
1.062162162162161985e+04 2.819308176408825811e-07
1.064864864864865012e+04 2.350525381664858863e-07
1.067567567567567494e+04 4.940030333188546942e-07
1.070270270270270157e+04 2.353832949526586095e-07
1.072972972972973002e+04 4.709724053924210375e-08
1.075675675675675666e+04 1.767220794481722076e-06
1.078378378378378329e+04 0.000000000000000000e+00
1.081081081081080993e+04 2.407239566612238129e-06
1.083783783783783656e+04 6.848434766681926802e-07
1.086486486486486501e+04 4.490422737890305028e-07
1.089189189189189165e+04 8.750856079489408398e-07
1.091891891891891828e+04 1.845865344009658342e-06
1.094594594594594673e+04 0.000000000000000000e+00
1.097297297297297337e+04 6.162511381921163117e-07
1.100000000000000000e+04 0.000000000000000000e+00
1.102702702702702663e+04 2.017096601027396415e-06
1.105405405405405327e+04 1.566991748765371473e-06
1.108108108108108172e+04 0.000000000000000000e+00
1.110810810810810835e+04 1.426518258299847730e-06
1.113513513513513499e+04 2.188809829794062139e-06
1.116216216216216344e+04 1.380622376728057879e-06
1.118918918918918644e+04 0.000000000000000000e+00
1.121621621621621671e+04 3.527906729861212156e-06
1.124324324324324152e+04 3.555441471391884096e-06
1.127027027027026998e+04 0.000000000000000000e+00
1.129729729729729661e+04 6.448527984355841975e-07
1.132432432432432506e+04 2.270004931969847290e-06
1.135135135135134988e+04 1.889064063424701497e-06
1.137837837837838015e+04 0.000000000000000000e+00
1.140540540540540314e+04 2.250648179620711738e-06
1.143243243243243342e+04 1.556980514138700290e-06
1.145945945945945823e+04 4.794067260232410336e-08
1.148648648648648668e+04 0.000000000000000000e+00
1.151351351351351332e+04 3.502841881050743559e-06
1.154054054054054177e+04 0.000000000000000000e+00
1.156756756756756658e+04 0.000000000000000000e+00
1.159459459459459686e+04 1.633382147708817537e-06
1.162162162162161985e+04 2.523657992876470468e-06
1.164864864864865012e+04 4.088602769687282854e-06
1.167567567567567494e+04 5.727463869057479571e-06
1.170270270270270157e+04 0.000000000000000000e+00
1.172972972972973002e+04 0.000000000000000000e+00
1.175675675675675666e+04 0.000000000000000000e+00
1.178378378378378329e+04 4.457973714097881931e-06
1.181081081081080993e+04 2.748594270295359544e-06
1.183783783783783656e+04 3.377364244274382716e-06
1.186486486486486501e+04 3.112920725251787307e-06
1.189189189189189165e+04 2.172328085917740782e-06
1.191891891891891828e+04 0.000000000000000000e+00
1.194594594594594673e+04 2.657841700596158578e-06
1.197297297297297337e+04 4.472272160319577230e-06
1.200000000000000000e+04 7.160107567999998930e-06
1.202702702702702663e+04 4.476667072835646962e-06
1.205405405405405327e+04 4.624389589301821943e-06
1.208108108108108172e+04 0.000000000000000000e+00
1.210810810810810835e+04 5.087924027059235811e-07
1.213513513513513499e+04 4.362585888871892739e-07
1.216216216216216344e+04 3.781169296442731744e-06
1.218918918918918644e+04 1.867586490180758984e-06
1.221621621621621671e+04 6.503313080177957460e-06
1.224324324324324152e+04 3.276442895775073629e-06
1.227027027027026998e+04 8.956804990382587043e-06
1.229729729729729661e+04 3.837756885423329390e-06
1.232432432432432506e+04 8.091422207258437298e-06
1.235135135135134988e+04 0.000000000000000000e+00
1.237837837837838015e+04 8.996467830613586591e-07
1.240540540540540314e+04 1.654084442108476617e-06
1.243243243243243342e+04 1.363024901283537638e-06
1.245945945945945823e+04 2.556415015716555291e-06
1.248648648648648668e+04 0.000000000000000000e+00
1.251351351351351332e+04 9.502546911709205537e-07
1.254054054054054177e+04 2.657015993772506358e-06
1.256756756756756658e+04 7.682938231563875804e-06
1.259459459459459686e+04 5.415968334654784436e-06
1.262162162162161985e+04 7.222475907059751234e-06
1.264864864864865012e+04 2.416293097898965282e-06
1.267567567567567494e+04 5.127854008049004339e-07
1.270270270270270157e+04 0.000000000000000000e+00
1.272972972972973002e+04 6.278982353719415767e-06
1.275675675675675666e+04 8.750624482972331350e-06
1.278378378378378329e+04 1.029448993888527394e-05
1.281081081081080993e+04 5.209407697569440679e-06
1.283783783783783656e+04 6.142331943407762486e-06
1.286486486486486501e+04 1.177273613172359298e-05
1.289189189189189165e+04 1.427550467448487360e-05
1.291891891891891828e+04 1.660729096970012521e-05
1.294594594594594673e+04 1.306125914851159713e-05
1.297297297297297337e+04 1.568659680585504930e-05
1.300000000000000000e+04 2.359609856239999753e-05
1.302702702702702663e+04 2.558736183579968948e-05
1.305405405405405327e+04 4.347715844326988793e-05
1.308108108108108172e+04 8.846883139089774359e-05
1.310810810810810835e+04 4.354588813357259612e-05
1.313513513513513499e+04 0.000000000000000000e+00
1.316216216216216344e+04 0.000000000000000000e+00
1.318918918918918644e+04 0.000000000000000000e+00
1.321621621621621671e+04 -9.096614376799123835e-06
1.324324324324324152e+04 -9.095730049531776661e-06
1.327027027027026998e+04 -2.459089822854386380e-07
1.329729729729729661e+04 -9.102322573481372753e-06
1.332432432432432506e+04 -9.104419333287070646e-06
1.335135135135134988e+04 -9.105680013999999621e-06
1.337837837837838015e+04 -9.110205270501096529e-06
1.340540540540540314e+04 -9.112355447351351860e-06
1.343243243243243342e+04 0.000000000000000000e+00
1.345945945945945823e+04 0.000000000000000000e+00
1.348648648648648668e+04 5.692139596746353081e-06
1.351351351351351332e+04 1.378098323553370712e-05
1.354054054054054177e+04 2.208878372645954651e-05
1.356756756756756658e+04 2.577400944001345215e-05
1.359459459459459686e+04 2.555617595425682803e-05
1.362162162162161985e+04 2.753546183808319123e-05
1.364864864864864830e+04 2.830004415251352067e-05
1.367567567567567494e+04 3.534372220476076070e-05
1.370270270270270157e+04 3.745353473254054338e-05
1.372972972972973002e+04 3.831843969279862433e-05
1.375675675675675666e+04 3.995513072221693865e-05
1.378378378378378329e+04 4.216034981078805259e-05
1.381081081081080993e+04 4.621705812726993275e-05
1.383783783783783656e+04 5.139490816185990541e-05
1.386486486486486501e+04 6.170888149226293076e-05
1.389189189189189165e+04 7.077336043607713838e-05
1.391891891891891828e+04 7.938683144639151494e-05
1.394594594594594673e+04 9.333856251184865789e-05
1.397297297297297337e+04 1.130171041322237100e-04
1.400000000000000000e+04 5.666603633880000013e-04
1.402702702702702663e+04 -2.677345281132560836e-04
1.405405405405405327e+04 5.634314761152209045e-04
1.408108108108108172e+04 -5.799847152445501870e-04
1.410810810810810835e+04 4.345411261013077124e-04
1.413513513513513499e+04 5.187422216438036945e-05
1.416216216216216344e+04 9.783826537742544921e-06
1.418918918918918644e+04 2.181366536082827718e-04
1.421621621621621671e+04 8.596783088383551765e-04
1.424324324324324152e+04 1.022589445512654942e-03
1.427027027027026998e+04 9.836462548813550838e-04
1.429729729729729661e+04 6.878095616290420475e-04
1.432432432432432506e+04 1.391120676693732112e-03
1.435135135135134988e+04 1.459818538557671429e-03
1.437837837837838015e+04 2.185007456639672350e-03
1.440540540540540314e+04 2.677153201951181297e-03
1.443243243243243342e+04 2.336491796168074179e-03
1.445945945945945823e+04 3.748305773269411563e-03
1.448648648648648668e+04 2.815389382783069303e-03
1.451351351351351332e+04 5.002516357202583738e-03
1.454054054054054177e+04 3.793455919665612592e-03
1.456756756756756658e+04 6.579073893886399314e-03
1.459459459459459686e+04 8.306617052637891088e-03
1.462162162162161985e+04 8.993697453771478875e-03
1.464864864864864830e+04 1.142124968274716053e-02
1.467567567567567494e+04 1.472169436438484913e-02
1.470270270270270157e+04 1.911378464388726814e-02
1.472972972972973002e+04 2.436479546970727120e-02
1.475675675675675666e+04 3.173690460010790415e-02
1.478378378378378329e+04 4.241704309151064778e-02
1.481081081081080993e+04 5.708499360012403434e-02
1.483783783783783656e+04 7.861949690369293697e-02
1.486486486486486501e+04 1.075861236226706014e-01
1.489189189189189165e+04 1.487199496892785133e-01
1.491891891891891828e+04 2.037867904149715803e-01
1.494594594594594673e+04 2.739064167986144938e-01
1.497297297297297337e+04 3.623018313930491119e-01
1.500000000000000000e+04 4.609955029636000345e-01
1.502702702702702663e+04 5.657556959927265705e-01
1.505405405405405327e+04 6.645936154656587602e-01
1.508108108108108172e+04 7.449517165805129570e-01
1.510810810810810835e+04 8.002127673080992043e-01
1.513513513513513317e+04 8.295828223612323749e-01
1.516216216216216344e+04 8.349998214656854101e-01
1.518918918918918644e+04 8.270635473542532479e-01
1.521621621621621671e+04 8.125677293349529151e-01
1.524324324324324334e+04 7.981018953325612619e-01
1.527027027027026998e+04 7.858312307894599336e-01
1.529729729729729843e+04 7.772785885514799098e-01
1.532432432432432506e+04 7.748633857718231210e-01
1.535135135135135170e+04 7.754390414476320936e-01
1.537837837837838015e+04 7.797504863448714296e-01
1.540540540540540314e+04 7.863637373135163866e-01
1.543243243243243160e+04 7.967604445411176073e-01
1.545945945945945823e+04 8.089419205989437645e-01
1.548648648648648486e+04 8.200683495465587169e-01
1.551351351351351332e+04 8.293167313326984535e-01
1.554054054054053995e+04 8.382162354692341832e-01
1.556756756756756658e+04 8.451881507784073655e-01
1.559459459459459322e+04 8.492321177367697649e-01
1.562162162162161985e+04 8.510178833117275632e-01
1.564864864864864830e+04 8.517472048313498023e-01
1.567567567567567494e+04 8.520172643199995788e-01
1.570270270270270157e+04 8.509803379994870243e-01
1.572972972972973002e+04 8.491647663782084798e-01
1.575675675675675666e+04 8.493593314567223773e-01
1.578378378378378329e+04 8.493731601212132221e-01
1.581081081081080993e+04 8.489270096587568926e-01
1.583783783783783656e+04 8.505027831260033588e-01
1.586486486486486501e+04 8.501768782142739012e-01
1.589189189189189165e+04 8.490691062685102874e-01
1.591891891891891828e+04 8.512785607709631996e-01
1.594594594594594673e+04 8.481632788832439429e-01
1.597297297297297337e+04 8.467643159317213009e-01
1.600000000000000000e+04 8.472835635028959089e-01
1.602702702702702663e+04 8.433791052154263612e-01
1.605405405405405327e+04 8.411709832280487298e-01
1.608108108108108172e+04 8.406181891475175139e-01
1.610810810810810835e+04 8.357438203002490740e-01
1.613513513513513499e+04 8.352205293830424759e-01
1.616216216216216344e+04 8.328514778594474643e-01
1.618918918918919007e+04 8.327260684187053341e-01
1.621621621621621671e+04 8.341975303517041862e-01
1.624324324324324334e+04 8.352440590139911247e-01
1.627027027027026998e+04 8.383211392292465591e-01
1.629729729729729843e+04 8.368770730325145735e-01
1.632432432432432506e+04 8.375046690311701569e-01
1.635135135135135170e+04 8.371602439946744800e-01
1.637837837837837651e+04 8.380177093499855401e-01
1.640540540540540314e+04 8.416524325570579057e-01
1.643243243243242978e+04 8.417349947353982564e-01
1.645945945945946005e+04 8.465817443733995029e-01
1.648648648648648668e+04 8.463571940782608216e-01
1.651351351351351332e+04 8.483424781082771204e-01
1.654054054054053995e+04 8.462305716208907702e-01
1.656756756756756658e+04 8.501752314544471778e-01
1.659459459459459322e+04 8.534417807068742645e-01
1.662162162162161985e+04 8.580903155178917219e-01
1.664864864864864649e+04 8.571939907908421308e-01
1.667567567567567312e+04 8.599572922516135476e-01
1.670270270270270339e+04 8.611536761383773442e-01
1.672972972972973002e+04 8.691360588545927746e-01
1.675675675675675666e+04 8.708485861240089498e-01
1.678378378378378329e+04 8.725119028914524177e-01
1.681081081081080993e+04 8.716345003624014209e-01
1.683783783783783656e+04 8.744712132019825113e-01
1.686486486486486319e+04 8.770510191410550993e-01
1.689189189189189347e+04 8.825947359606129972e-01
1.691891891891892010e+04 8.761747465797952161e-01
1.694594594594594673e+04 8.778900171713385214e-01
1.697297297297297337e+04 8.785419021445945997e-01
1.700000000000000000e+04 8.821615522159999001e-01
1.702702702702702663e+04 8.767991413620015440e-01
1.705405405405405327e+04 8.780158185599745702e-01
1.708108108108107990e+04 8.800694334907913641e-01
1.710810810810810653e+04 8.798981831977664703e-01
1.713513513513513681e+04 8.783339018002910281e-01
1.716216216216216344e+04 8.776541877343222442e-01
1.718918918918919007e+04 8.812526265307562001e-01
1.721621621621621671e+04 8.769758959022101452e-01
1.724324324324324334e+04 8.763998539194567394e-01
1.727027027027026998e+04 8.748309202464844558e-01
1.729729729729729661e+04 8.744029629923255609e-01
1.732432432432432688e+04 8.729141305244807469e-01
1.735135135135135351e+04 8.667807219593045565e-01
1.737837837837837651e+04 8.683408324930902422e-01
1.740540540540540314e+04 8.624541735351382021e-01
1.743243243243242978e+04 8.568470555646962028e-01
1.745945945945946005e+04 8.556450378946830471e-01
1.748648648648648668e+04 8.485260159253023016e-01
1.751351351351351332e+04 8.436047727933005946e-01
1.754054054054053995e+04 8.402674872742200707e-01
1.756756756756756658e+04 8.330834970633774761e-01
1.759459459459459322e+04 8.280318761185424536e-01
1.762162162162161985e+04 8.215776455948449186e-01
1.764864864864864649e+04 8.109549413479250068e-01
1.767567567567567312e+04 8.004103751588801385e-01
1.770270270270270339e+04 7.861241104488104758e-01
1.772972972972973002e+04 7.661976323719522641e-01
1.775675675675675666e+04 7.400028973854175796e-01
1.778378378378378329e+04 7.063677913505600481e-01
1.781081081081080993e+04 6.643790420016038034e-01
1.783783783783783656e+04 6.108006802213474806e-01
1.786486486486486319e+04 5.525113636060821065e-01
1.789189189189189347e+04 4.875123805403423494e-01
1.791891891891892010e+04 4.197443955174260388e-01
1.794594594594594673e+04 3.519534831690756538e-01
1.797297297297297337e+04 2.912795562449274067e-01
1.800000000000000000e+04 2.359555279552799645e-01
1.802702702702702663e+04 1.891927105304823387e-01
1.805405405405405327e+04 1.502921987935449677e-01
1.808108108108107990e+04 1.198175667967587010e-01
1.810810810810810653e+04 9.475400452143947772e-02
1.813513513513513681e+04 7.577628855164730837e-02
1.816216216216216344e+04 6.060126247710193731e-02
1.818918918918919007e+04 4.713111112601813674e-02
1.821621621621621671e+04 3.715469648675105013e-02
1.824324324324324334e+04 3.015719965049093801e-02
1.827027027027026998e+04 2.474173655062454277e-02
1.829729729729729661e+04 2.027707430136223635e-02
1.832432432432432688e+04 1.695990789217551031e-02
1.835135135135134988e+04 1.376791037407829564e-02
1.837837837837837651e+04 1.090414113780224618e-02
1.840540540540540314e+04 9.382858529650900392e-03
1.843243243243242978e+04 7.460401153119365462e-03
1.845945945945946005e+04 7.736337585079496384e-03
1.848648648648648668e+04 5.734807918999500383e-03
1.851351351351351332e+04 4.579456200159805375e-03
1.854054054054053995e+04 3.786910904629775271e-03
1.856756756756756658e+04 3.912523398179392452e-03
1.859459459459459322e+04 2.423511646423949679e-03
1.862162162162161985e+04 2.175426721033578599e-03
1.864864864864864649e+04 2.292580990792862476e-03
1.867567567567567312e+04 3.191259597137869209e-04
1.870270270270270339e+04 2.441247677103397344e-03
1.872972972972973002e+04 1.457207177007040179e-03
1.875675675675675666e+04 8.252694083617793984e-04
1.878378378378378329e+04 2.345621974912706544e-03
1.881081081081080993e+04 1.061952192599549495e-03
1.883783783783783656e+04 6.452465345589884728e-04
1.886486486486486319e+04 6.108556060383909039e-04
1.889189189189189347e+04 4.428878769008947692e-04
1.891891891891892010e+04 4.901892588714543619e-04
1.894594594594594673e+04 9.868461723026222474e-04
1.897297297297297337e+04 7.517149490049030965e-04
1.900000000000000000e+04 9.402806630975999846e-04
1.902702702702702663e+04 5.145629103501631833e-04
1.905405405405405327e+04 4.482809351849053291e-04
1.908108108108107990e+04 4.257792414709127000e-04
1.910810810810810653e+04 3.616443612868378444e-04
1.913513513513513681e+04 3.465852007479529860e-04
1.916216216216216344e+04 3.044902469387165251e-04
1.918918918918919007e+04 2.676531133621642402e-04
1.921621621621621671e+04 2.552479931361159387e-04
1.924324324324324334e+04 2.248935349234197580e-04
1.927027027027026998e+04 2.094515747206463017e-04
1.929729729729729661e+04 1.828661147467892532e-04
1.932432432432432688e+04 1.795023778672124855e-04
1.935135135135134988e+04 1.517922392981540863e-04
1.937837837837837651e+04 1.521007418985915625e-04
1.940540540540540314e+04 1.328129407157177815e-04
1.943243243243242978e+04 1.159987553500412325e-04
1.945945945945946005e+04 1.110292654813193795e-04
1.948648648648648668e+04 9.387181662831323983e-05
1.951351351351351332e+04 8.710100099794630538e-05
1.954054054054053995e+04 7.929885692121199344e-05
1.956756756756756658e+04 7.633050713862636377e-05
1.959459459459459322e+04 7.191984735906948125e-05
1.962162162162161985e+04 7.636092180148991025e-05
1.964864864864864649e+04 6.797706733226522777e-05
1.967567567567567312e+04 6.192830906945161196e-05
1.970270270270270339e+04 5.331623188178364047e-05
1.972972972972973002e+04 5.739173382849678149e-05
1.975675675675675666e+04 4.800115660292123340e-05
1.978378378378378329e+04 4.171137677541575877e-05
1.981081081081080993e+04 3.984888892843687697e-05
1.983783783783783656e+04 3.005325978416323481e-05
1.986486486486486319e+04 3.459406033850560288e-05
1.989189189189189347e+04 3.238408590832246185e-05
1.991891891891892010e+04 3.572232099168898652e-05
1.994594594594594673e+04 2.685549057255440751e-05
1.997297297297297337e+04 3.545160344235926981e-05
2.000000000000000000e+04 3.067524919799999723e-05
2.002702702702702663e+04 3.218860715985364133e-05
2.005405405405405327e+04 2.474973860083735456e-05
2.008108108108107990e+04 2.125092219359206040e-05
2.010810810810810653e+04 1.447119374230728491e-05
2.013513513513513681e+04 1.487424328040204600e-05
2.016216216216216344e+04 2.433829306453371357e-05
2.018918918918919007e+04 1.210657917901215092e-05
2.021621621621621671e+04 1.803296997204808849e-05
2.024324324324324334e+04 1.928927429626712460e-05
2.027027027027026998e+04 2.408211786381077687e-05
2.029729729729729661e+04 1.353641224342433233e-05
2.032432432432432324e+04 1.885496721004991836e-05
2.035135135135134988e+04 9.492129062323052333e-06
2.037837837837837651e+04 1.288114793973281198e-05
2.040540540540540314e+04 1.328401381783207163e-05
2.043243243243242978e+04 8.057740511326248341e-06
2.045945945945946005e+04 1.149519656607697762e-05
2.048648648648648305e+04 9.763675378673322211e-06
2.051351351351351332e+04 1.661924293700956412e-05
2.054054054054053995e+04 1.099529120356884102e-05
2.056756756756756658e+04 1.372468740921799370e-05
2.059459459459459322e+04 4.993924929017995069e-06
2.062162162162161985e+04 5.068891620984667717e-06
2.064864864864865012e+04 8.481404571994131630e-06
2.067567567567567312e+04 1.204069008309130666e-06
2.070270270270269975e+04 9.030364068297115935e-06
2.072972972972973002e+04 7.425550712912783494e-06
2.075675675675676030e+04 7.125080845387670517e-06
2.078378378378378329e+04 5.770019537663822112e-07
2.081081081081080629e+04 1.780956393672258365e-06
2.083783783783783656e+04 2.006551700161043731e-07
2.086486486486486683e+04 1.379781604122347219e-06
2.089189189189189347e+04 0.000000000000000000e+00
2.091891891891891646e+04 1.028398269304026745e-06
2.094594594594594673e+04 4.313450362154195160e-06
2.097297297297297337e+04 0.000000000000000000e+00
2.100000000000000000e+04 0.000000000000000000e+00
2.102702702702702663e+04 1.103330606131277555e-06
2.105405405405405327e+04 0.000000000000000000e+00
2.108108108108108354e+04 2.782784138702630046e-06
2.110810810810810653e+04 1.454411388182839067e-06
2.113513513513513317e+04 9.024809862150886598e-07
2.116216216216216344e+04 2.907856849711208459e-06
2.118918918918919371e+04 4.261110903704943181e-06
2.121621621621621671e+04 0.000000000000000000e+00
2.124324324324323970e+04 0.000000000000000000e+00
2.127027027027026998e+04 3.809349095047203029e-06
2.129729729729730025e+04 1.253040422396910743e-06
2.132432432432432688e+04 0.000000000000000000e+00
2.135135135135134988e+04 4.009339549435465659e-06
2.137837837837837287e+04 1.503144415582278162e-07
2.140540540540540314e+04 2.556006224211203314e-06
2.143243243243243342e+04 8.117308967984935208e-06
2.145945945945946005e+04 1.272687464778087301e-05
2.148648648648648305e+04 2.405433294337096824e-06
2.151351351351351332e+04 4.509908204776475439e-06
2.154054054054053995e+04 5.009655614562156608e-08
2.156756756756756658e+04 4.859050880478103829e-06
2.159459459459459322e+04 0.000000000000000000e+00
2.162162162162161985e+04 3.105361885141589674e-06
2.164864864864865012e+04 -7.011908032100381095e-06
2.167567567567567312e+04 0.000000000000000000e+00
2.170270270270269975e+04 6.085913245198267667e-06
2.172972972972973002e+04 0.000000000000000000e+00
2.175675675675676030e+04 9.666348308496554008e-06
2.178378378378378329e+04 -3.304720273677903813e-06
2.181081081081080629e+04 1.351841212311883371e-06
2.183783783783783656e+04 -7.060223652177257321e-06
2.186486486486486683e+04 5.106670805185500674e-06
2.189189189189189347e+04 9.512231260207072936e-06
2.191891891891891646e+04 0.000000000000000000e+00
2.194594594594594673e+04 4.604340251712670346e-06
2.197297297297297337e+04 -6.504489511942674725e-06
2.200000000000000000e+04 2.406329750240000041e-05
2.202702702702702663e+04 2.601266545947369148e-06
2.205405405405405327e+04 3.751239141466167732e-06
2.208108108108108354e+04 -9.252872225075238868e-06
2.210810810810810653e+04 7.399996925421767402e-06
2.213513513513513317e+04 -2.499540843822826216e-07
2.216216216216216344e+04 1.449903725768213930e-06
2.218918918918919371e+04 1.114719152044001024e-05
2.221621621621621671e+04 -3.597115816996098493e-06
2.224324324324323970e+04 1.616090864450565342e-05
2.227027027027026998e+04 -8.989519494450859394e-06
2.229729729729729661e+04 2.022376965461618223e-06
2.232432432432432688e+04 -7.989382560099915536e-06
2.235135135135134988e+04 1.185410744735721851e-05
2.237837837837837287e+04 2.994281221885709138e-07
2.240540540540540314e+04 7.482364639852037092e-06
2.243243243243243342e+04 1.521004889178791816e-05
2.245945945945946005e+04 7.478277440177705551e-07
2.248648648648648305e+04 1.445339846962610031e-05
2.251351351351351332e+04 -5.979784016704472588e-06
2.254054054054053995e+04 9.958248921434602137e-07
2.256756756756756658e+04 -2.240409709103407621e-06
2.259459459459459322e+04 2.538272542390472064e-06
2.262162162162161985e+04 -1.841091628174434150e-05
2.264864864864865012e+04 -9.199190219594595254e-06
2.267567567567567312e+04 1.006955641371528659e-05
2.270270270270269975e+04 -6.711118514265521145e-06
2.272972972972973002e+04 7.704832140783897891e-07
2.275675675675676030e+04 1.192723526655320415e-06
2.278378378378378329e+04 1.932947615289603641e-05
2.281081081081080629e+04 -7.449662524138781282e-07
2.283783783783783656e+04 1.583741869816894076e-05
2.286486486486486683e+04 8.940782242001995583e-07
2.289189189189189347e+04 8.588584577381244112e-06
2.291891891891891646e+04 -9.925483129950502029e-07
2.294594594594594673e+04 -6.896514724041459301e-06
2.297297297297297337e+04 -3.448805787251781226e-06
2.300000000000000000e+04 -2.752255395000000821e-05
2.302702702702702663e+04 8.309385341821249783e-06
2.305405405405405327e+04 -1.537373560746980891e-06
2.308108108108108354e+04 2.157327916699980445e-05
2.310810810810810653e+04 1.041472729327272958e-06
2.313513513513513317e+04 1.420884725434100944e-05
2.316216216216216344e+04 -9.173635877852446494e-06
2.318918918918919371e+04 8.628799311408056445e-06
2.321621621621621671e+04 1.710836437998638641e-06
2.324324324324323970e+04 -1.383726162355510714e-05
2.327027027027026998e+04 2.480852963915379650e-08
2.329729729729729661e+04 -4.464193661625154519e-06
2.332432432432432688e+04 1.302970657272312099e-05
2.335135135135134988e+04 -3.722341966875194996e-06
2.337837837837837287e+04 1.598881300622430373e-05
2.340540540540540314e+04 1.852060947380954764e-05
2.343243243243243342e+04 3.577254941366040164e-06
2.345945945945946005e+04 -1.788635891399519839e-05
2.348648648648648305e+04 -9.696353625563381779e-06
2.351351351351351332e+04 1.245669724440433737e-05
2.354054054054053995e+04 -8.063858902260070654e-06
2.356756756756756658e+04 9.334225260957455626e-06
2.359459459459459322e+04 -3.983467343096590421e-06
2.362162162162161985e+04 4.682506563194209242e-06
2.364864864864865012e+04 1.145680657796866283e-06
2.367567567567567312e+04 1.073741930370441561e-05
2.370270270270269975e+04 3.984629964025421783e-06
2.372972972972973002e+04 0.000000000000000000e+00
2.375675675675676030e+04 4.978143903520506349e-06
2.378378378378378329e+04 -5.378872969682057147e-06
2.381081081081080629e+04 1.121545221533192638e-05
2.383783783783783656e+04 -1.441950231735959810e-05
2.386486486486486683e+04 1.214083579840643047e-05
2.389189189189189347e+04 0.000000000000000000e+00
2.391891891891891646e+04 -9.162210457363041975e-06
2.394594594594594673e+04 1.333490503868372062e-05
2.397297297297297337e+04 5.207152753668531677e-06
2.400000000000000000e+04 1.185540895500000043e-05
2.402702702702702663e+04 1.047261700924790418e-05
2.405405405405405327e+04 2.216777469913669882e-05
2.408108108108108354e+04 -8.066408527518356724e-06
2.410810810810810653e+04 -7.314546954399764701e-06
2.413513513513513317e+04 1.385373978032251575e-06
2.416216216216216344e+04 2.568865732804052672e-06
2.418918918918919371e+04 5.146326614709588668e-06
2.421621621621621671e+04 0.000000000000000000e+00
2.424324324324323970e+04 2.223989420797863745e-05
2.427027027027026998e+04 -8.877252852873629969e-06
2.429729729729729661e+04 1.930668570659718340e-05
2.432432432432432688e+04 2.027271449814329316e-05
2.435135135135134988e+04 2.751502969287108076e-06
2.437837837837837287e+04 3.014498510719017889e-06
2.440540540540540314e+04 4.786465792986384519e-07
2.443243243243243342e+04 -6.056206297991271652e-06
2.445945945945946005e+04 2.033856555251363564e-06
2.448648648648648305e+04 2.270226089731377343e-05
2.451351351351351332e+04 4.109831617409043055e-06
2.454054054054053995e+04 1.516597159096181671e-05
2.456756756756756658e+04 2.328831514828553118e-05
2.459459459459459322e+04 8.042352413922038064e-06
2.462162162162161985e+04 -1.217696369551628581e-05
2.464864864864865012e+04 -1.725683544660919683e-05
2.467567567567567312e+04 -1.939076417859500527e-05
2.470270270270269975e+04 -1.755670046917097093e-05
2.472972972972973002e+04 0.000000000000000000e+00
2.475675675675676030e+04 -2.307270441877807929e-06
2.478378378378378329e+04 3.845369621783695506e-06
2.481081081081080629e+04 4.006241601065177975e-05
2.483783783783783656e+04 2.849814781211149257e-05
2.486486486486486683e+04 5.571530978239695703e-05
2.489189189189189347e+04 -1.909534300619105706e-06
2.491891891891891646e+04 -5.383611070504390472e-06
2.494594594594594673e+04 -8.506430889745932914e-06
2.497297297297297337e+04 0.000000000000000000e+00
2.500000000000000000e+04 4.287936015599999121e-06
2.502702702702702663e+04 1.458800385576771038e-04
2.505405405405405327e+04 1.030884345450865049e-04
2.508108108108108354e+04 -2.014081766909970930e-05
2.510810810810810653e+04 -2.941294537583315264e-06
2.513513513513513317e+04 5.853179097112755006e-05
2.516216216216216344e+04 8.215679351352909627e-06
2.518918918918919371e+04 -1.670077485457926200e-05
2.521621621621621671e+04 9.978201833074980167e-05
2.524324324324323970e+04 6.164154309166342569e-05
2.527027027027026634e+04 8.239192329704932423e-06
2.529729729729729661e+04 2.086016649667713698e-06
2.532432432432432688e+04 1.849838637679607494e-05
2.535135135135134988e+04 -5.887602383901590374e-06
2.537837837837837287e+04 1.906345185194264564e-05
2.540540540540540314e+04 -2.551051017955229908e-05
2.543243243243243342e+04 1.443364910943089616e-05
2.545945945945946005e+04 2.427406081376790595e-05
2.548648648648648668e+04 2.519814674384553035e-06
2.551351351351351332e+04 2.079231770341736481e-06
2.554054054054053995e+04 1.018114380078046662e-05
2.556756756756756658e+04 -4.977685579645009551e-07
2.559459459459459686e+04 1.388842409752308725e-05
2.562162162162161985e+04 1.075056709147157732e-05
2.564864864864865012e+04 -1.851557142383812122e-07
2.567567567567567312e+04 2.351686333219185176e-05
2.570270270270270339e+04 2.066476256770937503e-06
2.572972972972973002e+04 2.299528936935649220e-06
2.575675675675676030e+04 1.703336853890347483e-06
2.578378378378378329e+04 -1.641769853416191610e-07
2.581081081081080629e+04 -1.433782775080117484e-06
2.583783783783783656e+04 -6.544901067341575739e-06
2.586486486486486319e+04 1.124762166960906988e-06
2.589189189189189347e+04 2.428937424159340837e-06
2.591891891891891646e+04 -1.235781556369155486e-07
2.594594594594594673e+04 -2.691916477569258616e-06
2.597297297297296973e+04 1.144472510112112384e-07
2.600000000000000000e+04 1.445588763607609743e-06
2.602702702702702663e+04 3.989971636022328575e-06
2.605405405405405327e+04 2.202400645358308898e-06
2.608108108108107990e+04 -2.924691767397781095e-06
2.610810810810810653e+04 6.611485037853924110e-08
2.613513513513513317e+04 3.754011290224981325e-06
2.616216216216216344e+04 8.296675092435282158e-06
2.618918918918918644e+04 4.984550002326514469e-06
2.621621621621621671e+04 -6.121724878131174924e-06
2.624324324324323970e+04 1.990873271137367879e-07
2.627027027027026998e+04 1.908862061224767412e-07
2.629729729729729661e+04 1.945345472091404197e-06
2.632432432432432688e+04 3.766414377914975588e-06
2.635135135135134988e+04 2.353115504724716188e-06
2.637837837837838015e+04 1.302175300661711643e-06
2.640540540540540314e+04 3.027747930976227573e-08
2.643243243243243342e+04 -2.019239188947448637e-06
2.645945945945946005e+04 -3.609249939934227041e-06
2.648648648648648668e+04 8.674289516639925541e-07
2.651351351351351332e+04 1.191766170504781940e-06
2.654054054054053995e+04 1.248828966956010990e-06
2.656756756756756658e+04 1.151306605007913429e-06
2.659459459459459686e+04 -3.549097136866168424e-08
2.662162162162161985e+04 7.514163643549409843e-07
2.664864864864865012e+04 -1.454140099470395471e-07
2.667567567567567312e+04 -1.110936719119738619e-06
2.670270270270270339e+04 -3.656631740343267837e-07
2.672972972972973002e+04 1.202957419991308044e-06
2.675675675675675302e+04 -9.575557089071273950e-07
2.678378378378378329e+04 -2.090320584161094490e-06
2.681081081081080629e+04 1.156559255351149551e-06
2.683783783783783656e+04 3.237765937952923229e-06
2.686486486486486319e+04 -4.765770133821659272e-07
2.689189189189189347e+04 -2.295401250864601001e-06
2.691891891891891646e+04 2.495479779886877901e-06
2.694594594594594673e+04 7.562824070769480623e-07
2.697297297297296973e+04 3.717885568902013186e-07
2.700000000000000000e+04 -8.045149266203254235e-08
2.702702702702702663e+04 -1.748476588944366411e-06
2.705405405405405327e+04 3.512508361653519888e-07
2.708108108108107990e+04 1.397543932517783699e-06
2.710810810810810653e+04 1.211562561229058888e-06
2.713513513513513317e+04 -5.872857124350930016e-07
2.716216216216216344e+04 7.457700830806294073e-07
2.718918918918918644e+04 2.171429286409967983e-06
2.721621621621621671e+04 2.734652081537555455e-06
2.724324324324323970e+04 2.321873635280779857e-07
2.727027027027026998e+04 1.295098772213181135e-06
2.729729729729729661e+04 1.821132477889019723e-06
2.732432432432432688e+04 8.042537851576386920e-07
2.735135135135134988e+04 -1.656568307252997852e-07
2.737837837837838015e+04 4.228784664715286630e-07
2.740540540540540314e+04 1.153266719378545495e-06
2.743243243243243342e+04 5.999525188281139345e-07
2.745945945945946005e+04 2.299318938329757163e-06
2.748648648648648668e+04 2.460180673224588513e-06
2.751351351351351332e+04 7.486789700817019133e-07
2.754054054054053995e+04 -2.890624373503639133e-06
2.756756756756756658e+04 -1.254644195681562243e-06
2.759459459459459686e+04 1.588063611568246787e-06
2.762162162162161985e+04 2.568793209813361385e-06
2.764864864864865012e+04 9.553761732061896935e-07
2.767567567567567312e+04 1.036672147481425453e-07
2.770270270270270339e+04 3.610094519081682865e-07
2.772972972972973002e+04 9.906835724318669626e-07
2.775675675675675302e+04 5.850007006828203726e-07
2.778378378378378329e+04 -1.131703140827066406e-07
2.781081081081080629e+04 1.158752609459481318e-07
2.783783783783783656e+04 -3.332043004627215260e-07
2.786486486486486319e+04 2.639639502493951642e-07
2.789189189189189347e+04 3.030339981346825369e-06
2.791891891891891646e+04 5.643045423142796133e-07
2.794594594594594673e+04 -2.539850807439981191e-07
2.797297297297296973e+04 1.043024857206129566e-06
2.800000000000000000e+04 -9.857204683338117325e-07
2.802702702702702663e+04 -4.500173392245484718e-07
2.805405405405405327e+04 1.442720571050482473e-06
2.808108108108107990e+04 4.587062076901636246e-07
2.810810810810810653e+04 1.781077203952021811e-06
2.813513513513513317e+04 3.086621042708923493e-06
2.816216216216216344e+04 2.455383881599482384e-07
2.818918918918918644e+04 -5.893537591592771313e-07
2.821621621621621671e+04 -4.747621904198786797e-07
2.824324324324323970e+04 3.456429568229373408e-07
2.827027027027026998e+04 5.421565900434744396e-07
2.829729729729729661e+04 9.499736272192056190e-07
2.832432432432432688e+04 2.112445638047833273e-06
2.835135135135134988e+04 3.012599218575828124e-07
2.837837837837838015e+04 -1.226831041106348903e-06
2.840540540540540314e+04 -1.226712925943211236e-06
2.843243243243243342e+04 -1.663173952828688198e-07
2.845945945945946005e+04 6.567685002677746257e-07
2.848648648648648668e+04 7.858257480670270646e-07
2.851351351351351332e+04 3.671594505456763364e-07
2.854054054054053995e+04 -2.304383631642180264e-09
2.856756756756756658e+04 -1.414810973112089601e-07
2.859459459459459686e+04 5.437437700652624471e-07
2.862162162162161985e+04 1.771412209106254801e-06
2.864864864864865012e+04 3.773088765291053795e-06
2.867567567567567312e+04 1.335836425641744009e-06
2.870270270270270339e+04 -3.925763611154721572e-07
2.872972972972973002e+04 1.607680035342184133e-06
2.875675675675675302e+04 1.057552509063192720e-06
2.878378378378378329e+04 3.163471846081610265e-07
2.881081081081080629e+04 1.153787938743048795e-06
2.883783783783783656e+04 1.762765220694663499e-06
2.886486486486486319e+04 2.041841071051439138e-06
2.889189189189189347e+04 1.210417948444673639e-06
2.891891891891891646e+04 1.748800019705437896e-06
2.894594594594594673e+04 2.813036893280992064e-06
2.897297297297296973e+04 1.008547015832215733e-06
2.900000000000000000e+04 -2.939703122864854536e-08
2.902702702702702663e+04 -3.943830854294298050e-07
2.905405405405405327e+04 7.099681107378174955e-07
2.908108108108107990e+04 1.306192978870396262e-06
2.910810810810810653e+04 1.127840616064519113e-06
2.913513513513513317e+04 -3.309751116434646353e-07
2.916216216216216344e+04 -8.228439915241471641e-07
2.918918918918918644e+04 1.766214282209512812e-06
2.921621621621621671e+04 1.657480506895027553e-06
2.924324324324323970e+04 5.225759907570770131e-07
2.927027027027026998e+04 1.777170729579815832e-07
2.929729729729729661e+04 6.256409488795830275e-07
2.932432432432432688e+04 1.753063524487071289e-06
2.935135135135134988e+04 9.318970552593496674e-07
2.937837837837838015e+04 1.036641444521568313e-06
2.940540540540540314e+04 2.961469789713047936e-06
2.943243243243243342e+04 1.759910077120439088e-06
2.945945945945946005e+04 4.242119484385092451e-08
2.948648648648648668e+04 7.916923280630222075e-07
2.951351351351351332e+04 1.175024279010802906e-06
2.954054054054053995e+04 1.263659753133532499e-06
2.956756756756756658e+04 -1.587890837872332053e-07
2.959459459459459686e+04 -9.323075368054944222e-07
2.962162162162161985e+04 -1.592621676581817477e-07
2.964864864864865012e+04 -3.346516729781885471e-08
2.967567567567567312e+04 -1.221138810388753936e-07
2.970270270270270339e+04 4.690283712171326397e-07
2.972972972972973002e+04 6.836337395978161327e-08
2.975675675675675302e+04 -1.556524435719225057e-06
2.978378378378378329e+04 5.006538732477953530e-07
2.981081081081080629e+04 2.817898949154421782e-06
2.983783783783783656e+04 2.266728802015810205e-06
2.986486486486486319e+04 2.464538144430159497e-06
2.989189189189189347e+04 3.323710270244793185e-06
2.991891891891891646e+04 1.940165540502663665e-06
2.994594594594594673e+04 7.878126970905372352e-07
2.997297297297296973e+04 1.558297465049764443e-06
3.000000000000000000e+04 1.203523354415999913e-06
3.002702702702702663e+04 -9.381312363963833685e-09
3.005405405405405327e+04 7.297500930727133577e-08
3.008108108108107990e+04 5.070576859560883421e-07
3.010810810810810653e+04 1.641144568414016513e-06
3.013513513513513317e+04 2.046061306558348679e-06
3.016216216216216344e+04 1.867958321473665115e-06
3.018918918918918644e+04 1.808290790333605152e-06
3.021621621621621671e+04 1.869980778527538085e-06
3.024324324324323970e+04 2.392635127174561018e-06
3.027027027027026998e+04 2.702209752162425716e-06
3.029729729729729661e+04 2.793086944280890588e-06
3.032432432432432688e+04 2.261599597587854626e-06
3.035135135135134988e+04 1.472155848830831743e-06
3.037837837837838015e+04 -2.495907943123461209e-07
3.040540540540540314e+04 -7.086559328778926946e-07
3.043243243243243342e+04 1.098439013620488586e-06
3.045945945945946005e+04 2.013798718327911337e-06
3.048648648648648668e+04 2.478005902731613964e-06
3.051351351351351332e+04 1.892965344522171024e-06
3.054054054054053995e+04 1.153807897159994175e-06
3.056756756756756658e+04 2.525824522738613723e-07
3.059459459459459686e+04 4.092828806989162011e-07
3.062162162162161985e+04 1.789208860887503876e-06
3.064864864864865012e+04 2.663571394898032373e-06
3.067567567567567312e+04 3.366601752590660730e-06
3.070270270270269975e+04 3.277298057395903614e-06
3.072972972972973002e+04 3.369809006873533820e-06
3.075675675675675302e+04 3.982939541129919381e-06
3.078378378378378329e+04 3.414139989170183065e-06
3.081081081081080629e+04 1.802923056492016367e-06
3.083783783783783656e+04 3.474869602750645705e-06
3.086486486486486319e+04 5.883473872934677734e-06
3.089189189189189347e+04 2.118694804975127130e-06
3.091891891891891646e+04 -1.392928397530000084e-07
3.094594594594594673e+04 1.784785568340792694e-06
3.097297297297296973e+04 2.193775731765926386e-06
3.100000000000000000e+04 1.073369668599068548e-06
3.102702702702702663e+04 1.156376160713629258e-06
3.105405405405405327e+04 1.695095446940088704e-06
3.108108108108107990e+04 -2.191382675704149118e-07
3.110810810810810653e+04 -1.524790551671578037e-06
3.113513513513513317e+04 1.176183123493148869e-06
3.116216216216216344e+04 3.263321911002542924e-06
3.118918918918918644e+04 4.411133658312272158e-06
3.121621621621621671e+04 3.654720991098956683e-06
3.124324324324323970e+04 1.533769033304099904e-06
3.127027027027026998e+04 1.693189901774201079e-06
3.129729729729729661e+04 2.527128921151558442e-06
3.132432432432432688e+04 1.832626793171087877e-06
3.135135135135134988e+04 1.456843321238075435e-06
3.137837837837838015e+04 3.579924624806721573e-06
3.140540540540540314e+04 4.377150808542765646e-06
3.143243243243243342e+04 2.471957362756497328e-06
3.145945945945946005e+04 1.100379387584902677e-06
3.148648648648648668e+04 2.507462932033990720e-07
3.151351351351351332e+04 5.568051173994938148e-07
3.154054054054053995e+04 1.453197293518127026e-06
3.156756756756756658e+04 1.657745221587584062e-06
3.159459459459459686e+04 1.705040087701675977e-06
3.162162162162161985e+04 3.848505560526421054e-07
3.164864864864865012e+04 -6.111945018110598064e-07
3.167567567567567312e+04 1.056277629474889030e-06
3.170270270270269975e+04 2.034994396999937216e-06
3.172972972972973002e+04 1.135869707793275911e-06
3.175675675675675302e+04 6.110405523456115595e-07
3.178378378378378329e+04 6.350809013123796422e-07
3.181081081081080629e+04 9.739860085512515565e-07
3.183783783783783656e+04 1.590351263623402246e-06
3.186486486486486319e+04 1.087652045873146320e-06
3.189189189189189347e+04 5.041553887627454911e-09
3.191891891891891646e+04 -3.145214741515126214e-09
3.194594594594594673e+04 2.951955179603544015e-07
3.197297297297296973e+04 3.614560658152290588e-07
3.200000000000000000e+04 3.993925924799999763e-07
3.210000000000000000e+04 0.0000000000000000000000
