# Y_vista
8.001133333333333212e+03 0.000000000000000000e+00
8.028170570570571726e+03 0.000000000000000000e+00
8.055207807807808422e+03 4.927110208969885999e-05
8.082245045045045117e+03 1.692871288188951470e-04
8.109282282282282722e+03 7.865819781599115516e-06
8.136319519519520327e+03 -3.023258531841187096e-06
8.163356756756757022e+03 8.518446583781714572e-06
8.190393993993993718e+03 -5.426956562325329117e-07
8.217431231231230413e+03 -6.952545658959971405e-06
8.244468468468468927e+03 -1.642908504846054445e-05
8.271505705705705623e+03 -3.113846962893063896e-05
8.298542942942942318e+03 -5.204512383162344476e-06
8.325580180180179013e+03 -2.328074820560015163e-05
8.352617417417417528e+03 -1.379918380016630269e-05
8.379654654654656042e+03 -4.340007062617461130e-05
8.406691891891892737e+03 -5.164191455130025298e-05
8.433729129129129433e+03 -6.489343466492046120e-05
8.460766366366366128e+03 -8.155179399596267943e-05
8.487803603603604643e+03 -7.675490508777266393e-05
8.514840840840841338e+03 -6.769214984009568233e-05
8.541878078078078033e+03 -4.631104987061011440e-05
8.568915315315314729e+03 4.145484693528783834e-04
8.595952552552553243e+03 1.388850105643414223e-03
8.622989789789789938e+03 6.870518826363237216e-05
8.650027027027026634e+03 1.936606448288524904e-05
8.677064264264265148e+03 7.083055395044502854e-05
8.704101501501501843e+03 4.203640808108934204e-05
8.731138738738738539e+03 7.868114013570460944e-05
8.758175975975975234e+03 8.024390691098452668e-05
8.785213213213211930e+03 8.306133440160519844e-05
8.812250450450450444e+03 9.960172675646605334e-05
8.839287687687687139e+03 1.011437449431633117e-04
8.866324924924923835e+03 1.232539173963213516e-04
8.893362162162160530e+03 1.163745215922938321e-04
8.920399399399399044e+03 1.593765724125783558e-04
8.947436636636637559e+03 1.669159729158477766e-04
8.974473873873874254e+03 2.108895538287507024e-04
9.001511111111110949e+03 -6.695872413385063875e-04
9.028548348348347645e+03 -3.233495532561741202e-04
9.055585585585586159e+03 1.967960762374623002e-03
9.082622822822822855e+03 4.999622937124208752e-04
9.109660060060059550e+03 5.228175048763238726e-04
9.136697297297298064e+03 -1.763700908930811411e-04
9.163734534534534760e+03 3.301708357399315967e-04
9.190771771771771455e+03 4.026831304552210954e-05
9.217809009009008150e+03 1.381665704786950609e-03
9.244846246246246665e+03 9.468428904156285303e-04
9.271883483483485179e+03 1.069921596539184089e-03
9.298920720720721874e+03 2.093590764609065073e-03
9.325957957957958570e+03 2.042473218117201762e-03
9.352995195195195265e+03 4.486370948126925003e-03
9.380032432432431960e+03 5.484008962320854365e-03
9.407069669669670475e+03 5.070638519030191797e-03
9.434106906906907170e+03 7.451128830504862369e-03
9.461144144144143866e+03 1.151302449130639505e-02
9.488181381381380561e+03 1.256134265824270478e-02
9.515218618618619075e+03 1.802370625659610592e-02
9.542255855855855771e+03 2.300194026475483461e-02
9.569293093093092466e+03 3.166104544439084928e-02
9.596330330330330980e+03 4.757278084048455202e-02
9.623367567567567676e+03 6.853959536342672798e-02
9.650404804804804371e+03 1.019807905437537660e-01
9.677442042042041066e+03 1.528105486230678933e-01
9.704479279279279581e+03 2.281839577010113529e-01
9.731516516516516276e+03 3.232293113794482142e-01
9.758553753753752972e+03 4.287012131984835883e-01
9.785590990990989667e+03 5.197620429767151329e-01
9.812628228228228181e+03 5.830124166213428438e-01
9.839665465465466696e+03 6.122091364839262750e-01
9.866702702702703391e+03 6.168989853449088345e-01
9.893739939939940086e+03 6.136888317047060060e-01
9.920777177177176782e+03 6.128186420286061420e-01
9.947814414414413477e+03 6.167707340007004824e-01
9.974851651651651991e+03 6.254068336962741448e-01
1.000188888888888869e+04 6.354566868299162952e-01
1.002892612612612538e+04 6.507573595401218158e-01
1.005596336336336390e+04 6.662760644658970444e-01
1.008300060060060059e+04 6.784588688800922140e-01
1.011003783783783729e+04 6.859596694727699839e-01
1.013707507507507580e+04 6.889662791961831401e-01
1.016411231231231250e+04 6.920284785158653529e-01
1.019114954954955101e+04 6.901960681756064142e-01
1.021818678678678771e+04 6.853713345555915160e-01
1.024522402402402440e+04 6.776639066297954761e-01
1.027226126126126110e+04 6.683672032709364608e-01
1.029929849849849779e+04 6.617369510961420564e-01
1.032633573573573631e+04 6.574152745380938967e-01
1.035337297297297300e+04 6.544362143520506825e-01
1.038041021021021152e+04 6.557785003192699858e-01
1.040744744744744821e+04 6.647924838626493305e-01
1.043448468468468491e+04 6.789728191733799267e-01
1.046152192192192160e+04 6.982529052178375606e-01
1.048855915915915830e+04 7.133513185734821072e-01
1.051559639639639499e+04 7.168558590095682748e-01
1.054263363363363351e+04 6.980236640669548187e-01
1.056967087087087020e+04 6.523747119425717944e-01
1.059670810810810872e+04 5.831869966641796132e-01
1.062374534534534541e+04 4.971965155932965841e-01
1.065078258258258211e+04 4.095611202570685894e-01
1.067781981981981880e+04 3.263150908837251229e-01
1.070485705705705550e+04 2.513026993423164157e-01
1.073189429429429219e+04 1.887511290976096878e-01
1.075893153153153253e+04 1.366740382792094866e-01
1.078596876876876922e+04 9.467638664937674808e-02
1.081300600600600592e+04 6.362092248117034998e-02
1.084004324324324443e+04 4.142277815362038762e-02
1.086708048048048113e+04 2.785559253976088723e-02
1.089411771771771782e+04 1.866173027174140159e-02
1.092115495495495452e+04 1.277299285773059179e-02
1.094819219219219121e+04 9.609959396730729381e-03
1.097522942942942791e+04 7.305845359657380314e-03
1.100226666666666642e+04 5.456783988351750041e-03
1.102930390390390312e+04 3.945796281700587015e-03
1.105634114114114345e+04 3.756496654976915379e-03
1.108337837837838015e+04 1.859946413873269115e-03
1.111041561561561684e+04 1.720393197679494918e-03
1.113745285285285354e+04 3.792307614513684699e-03
1.116449009009009023e+04 3.344702020860231689e-03
1.119152732732732693e+04 2.526766572215843019e-03
1.121856456456456544e+04 1.333821182290480679e-03
1.124560180180180214e+04 1.253502308088688547e-03
1.127263903903904065e+04 2.080252770432675438e-03
1.129967627627627735e+04 2.230863292976235370e-04
1.132671351351351404e+04 1.412079282838317332e-03
1.135375075075075074e+04 7.134938213419514223e-04
1.138078798798798744e+04 1.584293404232833260e-03
1.140782522522522413e+04 -6.468741760365494329e-05
1.143486246246246083e+04 2.893837225244033076e-04
1.146189969969969934e+04 1.825842549424228436e-04
1.148893693693693604e+04 8.245871103937091459e-04
1.151597417417417455e+04 -9.223603875519385375e-05
1.154301141141141125e+04 1.315525667263722472e-03
1.157004864864864794e+04 1.393898684860636270e-04
1.159708588588588464e+04 -1.501627139625994964e-03
1.162412312312312133e+04 -5.487657210200349049e-04
1.165116036036035803e+04 1.408153105845449471e-03
1.167819759759759836e+04 8.720108838265578873e-05
1.170523483483483506e+04 9.976441867899064908e-05
1.173227207207207357e+04 1.653820529047685724e-03
1.175930930930931027e+04 -4.953388991491174728e-04
1.178634654654654696e+04 1.354978912427989672e-03
1.181338378378378366e+04 8.612022243158630160e-04
1.184042102102102035e+04 -1.556036905673876489e-06
1.186745825825825705e+04 -6.360017257636718961e-04
1.189449549549549556e+04 -9.696798639444656476e-04
1.192153273273273226e+04 -8.930952085763567069e-04
1.194856996996996895e+04 2.153827911784846711e-04
1.197560720720720929e+04 1.656700183867329502e-04
1.200264444444444598e+04 3.177961247261935299e-04
1.202968168168168268e+04 0.000000000000000000e+00
1.205671891891891937e+04 3.289482132709697986e-06
1.208375615615615607e+04 3.365854678249513734e-07
1.211079339339339276e+04 1.935200532369732782e-06
1.213783063063063128e+04 0.000000000000000000e+00
1.216486786786786797e+04 1.309773826111017925e-06
1.219190510510510649e+04 0.000000000000000000e+00
1.221894234234234318e+04 8.978891300502872567e-07
1.224597957957957988e+04 1.083124205518163810e-06
1.227301681681681657e+04 1.254303801361174980e-06
1.230005405405405327e+04 2.681887118059279776e-06
1.232709129129128996e+04 1.275161667964292221e-06
1.235412852852852848e+04 4.283382038175857380e-06
1.238116576576576517e+04 1.799333541135305559e-06
1.240820300300300369e+04 0.000000000000000000e+00
1.243524024024024038e+04 4.719982186325951604e-07
1.246227747747747708e+04 4.994788150664397840e-06
1.248931471471471377e+04 0.000000000000000000e+00
1.251635195195195047e+04 4.581308602812462301e-06
1.254338918918918716e+04 3.056984798377852327e-07
1.257042642642642386e+04 0.000000000000000000e+00
1.259746366366366419e+04 0.000000000000000000e+00
1.262450090090090089e+04 2.438122692856046379e-06
1.265153813813813940e+04 2.778197394549061797e-07
1.267857537537537610e+04 1.287182371721174532e-07
1.270561261261261279e+04 0.000000000000000000e+00
1.273264984984984949e+04 1.437421962909492349e-06
1.275968708708708618e+04 5.659955688187339232e-08
1.278672432432432288e+04 1.185496010781031134e-06
1.281376156156156139e+04 0.000000000000000000e+00
1.284079879879879809e+04 4.339903555996193360e-07
1.286783603603603842e+04 7.839075956967142923e-07
1.289487327327327512e+04 1.857999810119163547e-06
1.292191051051051181e+04 0.000000000000000000e+00
1.294894774774774851e+04 2.862208313260194095e-07
1.297598498498498520e+04 0.000000000000000000e+00
1.300302222222222190e+04 3.355942516049665764e-06
1.303005945945946041e+04 0.000000000000000000e+00
1.305709669669669711e+04 7.907014229181625155e-07
1.308413393393393380e+04 5.326474960809061694e-07
1.311117117117117232e+04 3.845887535831691580e-06
1.313820840840840901e+04 4.882608370618033071e-07
1.316524564564564571e+04 8.641601288448300443e-07
1.319228288288288240e+04 7.016704366585582722e-07
1.321932012012011910e+04 5.705780633178251324e-06
1.324635735735735580e+04 6.626781770806874652e-07
1.327339459459459431e+04 1.836496961796878222e-06
1.330043183183183100e+04 1.005240294929926955e-05
1.332746906906906952e+04 1.389845757853282021e-05
1.335450630630630621e+04 9.105908180973334829e-06
1.338154354354354291e+04 4.836583659968414152e-06
1.340858078078077961e+04 1.054711232815132840e-05
1.343561801801801630e+04 7.519291373782145239e-06
1.346265525525525300e+04 1.215294895221559429e-05
1.348969249249249333e+04 1.185293524576506843e-05
1.351672972972973002e+04 2.159505089096236546e-05
1.354376696696696854e+04 3.250793618393433551e-05
1.357080420420420523e+04 6.078836849208190833e-05
1.359784144144144193e+04 1.156248078873229473e-04
1.362487867867867863e+04 1.877257703971422890e-04
1.365191591591591532e+04 2.718594865430549231e-04
1.367895315315315202e+04 3.457105804186732427e-04
1.370599039039038871e+04 4.200118322090418328e-04
1.373302762762762723e+04 4.600645543102226055e-04
1.376006486486486392e+04 4.659798739835478514e-04
1.378710210210210425e+04 4.333612513161797268e-04
1.381413933933934095e+04 3.804412181381252645e-04
1.384117657657657765e+04 3.077302541968740903e-04
1.386821381381381434e+04 2.380734467083848505e-04
1.389525105105105104e+04 1.772410403565126392e-04
1.392228828828828773e+04 1.295058846389397669e-04
1.394932552552552625e+04 1.056068820500869870e-04
1.397636276276276294e+04 9.094118839790809585e-05
1.400340000000000146e+04 9.154614848000001753e-05
1.403043723723723815e+04 8.996348330210938494e-05
1.405747447447447485e+04 1.004694087380320847e-04
1.408451171171171154e+04 1.072812291143260813e-04
1.411154894894894824e+04 1.270657935409022228e-04
1.413858618618618493e+04 1.477747545986299316e-04
1.416562342342342345e+04 1.826534786336120883e-04
1.419266066066066014e+04 2.210165692460975650e-04
1.421969789789789866e+04 2.652761967475879474e-04
1.424673513513513535e+04 3.102409581513556041e-04
1.427377237237237205e+04 3.471940833693232687e-04
1.430080960960960874e+04 3.774886381659606021e-04
1.432784684684684544e+04 3.895004780288360054e-04
1.435488408408408213e+04 3.903823028793641033e-04
1.438192132132131883e+04 3.671684033315112750e-04
1.440895855855855916e+04 3.356949218322372139e-04
1.443599579579579586e+04 2.929760621318320364e-04
1.446303303303303437e+04 2.517522087151869499e-04
1.449007027027027107e+04 2.082661692752154823e-04
1.451710750750750776e+04 1.705950575669969345e-04
1.454414474474474446e+04 1.430559311215597160e-04
1.457118198198198115e+04 1.176333267616022903e-04
1.459821921921921785e+04 1.065681029609458403e-04
1.462525645645645636e+04 8.814406340989724845e-05
1.465229369369369306e+04 8.291274233017646310e-05
1.467933093093093339e+04 7.375343357188588302e-05
1.470636816816817009e+04 6.929299492669402328e-05
1.473340540540540678e+04 6.493380559165879383e-05
1.476044264264264348e+04 6.173208676412524694e-05
1.478747987987988017e+04 6.438627674910467455e-05
1.481451711711711687e+04 6.304604421111357647e-05
1.484155435435435356e+04 6.607572724310986927e-05
1.486859159159159208e+04 6.597670031577147179e-05
1.489562882882882877e+04 7.097512359851556804e-05
1.492266606606606729e+04 7.049235317117482930e-05
1.494970330330330398e+04 7.709199289523895222e-05
1.497674054054054068e+04 8.041557995736500482e-05
1.500377777777777737e+04 8.872854552736851249e-05
1.503081501501501407e+04 9.698747620133475137e-05
1.505785225225225076e+04 1.060863300088252530e-04
1.508488948948948928e+04 1.183318276854392726e-04
1.511192672672672597e+04 1.371183560856313155e-04
1.513896396396396449e+04 1.477935186456003839e-04
1.516600120120120118e+04 1.632878125185886493e-04
1.519303843843843788e+04 1.808987124532100092e-04
1.522007567567567457e+04 1.907941597370407772e-04
1.524711291291291127e+04 2.072274920364322278e-04
1.527415015015015160e+04 2.136035394041629182e-04
1.530118738738738830e+04 2.202160238796645425e-04
1.532822462462462499e+04 2.175042888692714494e-04
1.535526186186186169e+04 2.199279039447705412e-04
1.538229909909910020e+04 2.104235162264664143e-04
1.540933633633633690e+04 2.005974829160694960e-04
1.543637357357357359e+04 1.882253170953246694e-04
1.546341081081081029e+04 1.769968477219723013e-04
1.549044804804804699e+04 1.637750879809742142e-04
1.551748528528528550e+04 1.478874724005931735e-04
1.554452252252252219e+04 1.372101075259620612e-04
1.557155975975975889e+04 1.219718807803159657e-04
1.559859699699699559e+04 1.142578030111200964e-04
1.562563423423423592e+04 1.022698568388380333e-04
1.565267147147147261e+04 9.467387929266247787e-05
1.567970870870870931e+04 8.879591104034539710e-05
1.570674594594594600e+04 8.494290442210756012e-05
1.573378318318318452e+04 8.116305775017379248e-05
1.576082042042042121e+04 8.066585143278275885e-05
1.578785765765765791e+04 7.470079338163332589e-05
1.581489489489489461e+04 7.481575472590124931e-05
1.584193213213213312e+04 7.467864964773505390e-05
1.586896936936936982e+04 7.097306172776948838e-05
1.589600660660660651e+04 7.152628464515275054e-05
1.592304384384384321e+04 6.924900060135934915e-05
1.595008108108108172e+04 6.752193736002260198e-05
1.597711831831831842e+04 7.198837173644879539e-05
1.600415555555555511e+04 7.080140760017845111e-05
1.603119279279279181e+04 7.559293245135357458e-05
1.605823003003002850e+04 7.489871289139625162e-05
1.608526726726726702e+04 7.901110327285323389e-05
1.611230450450450371e+04 8.040365280692952118e-05
1.613934174174174041e+04 8.387952196674912093e-05
1.616637897897897710e+04 8.560807912731021110e-05
1.619341621621621744e+04 8.885628632953251676e-05
1.622045345345345413e+04 9.450685285980050198e-05
1.624749069069069083e+04 9.764016393455216523e-05
1.627452792792792752e+04 1.040592532270292716e-04
1.630156516516516604e+04 1.150396537895298461e-04
1.632860240240240273e+04 1.211071932055836570e-04
1.635563963963963943e+04 1.290577795389077844e-04
1.638267687687687612e+04 1.402553234290434940e-04
1.640971411411411464e+04 1.461890352196250603e-04
1.643675135135135133e+04 1.580790687229549141e-04
1.646378858858858803e+04 1.662087495525822929e-04
1.649082582582582472e+04 1.744420017697750219e-04
1.651786306306306506e+04 1.825790283527986666e-04
1.654490030030030175e+04 1.883727809811555783e-04
1.657193753753753845e+04 1.911246829544433054e-04
1.659897477477477514e+04 1.934395843146486163e-04
1.662601201201201184e+04 1.900580258786028381e-04
1.665304924924924853e+04 1.819859216733444565e-04
1.668008648648648523e+04 1.703587098721492737e-04
1.670712372372372192e+04 1.591951415106017626e-04
1.673416096096095862e+04 1.477446334341579368e-04
1.676119819819819895e+04 1.237183697842420015e-04
1.678823543543543565e+04 1.153250229919374804e-04
1.681527267267267234e+04 9.201116943518620182e-05
1.684230990990990904e+04 9.272023994236524549e-05
1.686934714714714937e+04 6.009373562914055818e-05
1.689638438438438607e+04 6.325826544624308051e-05
1.692342162162162276e+04 4.223273994995680808e-05
1.695045885885885946e+04 4.351224035157289947e-05
1.697749609609609615e+04 2.571517603724147563e-05
1.700453333333333285e+04 2.331296631314427799e-05
1.703157057057056954e+04 1.497267884578484722e-05
1.705860780780780624e+04 8.060707551703762973e-06
1.708564504504504657e+04 1.382739300956893118e-05
1.711268228228228327e+04 2.035057807651682320e-06
1.713971951951951996e+04 1.840781160552927852e-05
1.716675675675675666e+04 5.787011381690726063e-06
1.719379399399399335e+04 1.588579995741431364e-05
1.722083123123123369e+04 7.648622271424803038e-06
1.724786846846847038e+04 1.458757637717325473e-05
1.727490570570570708e+04 5.999290386315440105e-06
1.730194294294294377e+04 -5.306355756355995819e-06
1.732898018018018047e+04 9.192470844963940630e-06
1.735601741741741716e+04 1.484446006791904389e-06
1.738305465465465386e+04 9.063571218978804507e-06
1.741009189189189055e+04 -9.183829986015649136e-06
1.743712912912913089e+04 8.350051818518478423e-06
1.746416636636636758e+04 2.162355940705912266e-06
1.749120360360360428e+04 1.523264667617364173e-05
1.751824084084084097e+04 9.272150804477433700e-07
1.754527807807807767e+04 1.001495454602581747e-05
1.757231531531531436e+04 3.492207934847523358e-06
1.759935255255255106e+04 0.000000000000000000e+00
1.762638978978978776e+04 4.737234721163032026e-06
1.765342702702702809e+04 9.525774615490112590e-07
1.768046426426426478e+04 1.766922181934837513e-06
1.770750150150150148e+04 -6.949721619374221168e-06
1.773453873873873818e+04 2.023948119290997290e-06
1.776157597597597487e+04 0.000000000000000000e+00
1.778861321321321520e+04 9.364703603832390223e-06
1.781565045045045190e+04 -5.233008824144608377e-06
1.784268768768768859e+04 1.250818278169190654e-05
1.786972492492492529e+04 1.018998042788172757e-07
1.789676216216216199e+04 1.002063629399632894e-05
1.792379939939939868e+04 5.741866823349829121e-07
1.795083663663663538e+04 1.933112796374750254e-06
1.797787387387387207e+04 2.383691160242359265e-06
1.800491111111111240e+04 -2.437378148030552568e-06
1.803194834834834910e+04 3.906105734401398338e-06
1.805898558558558580e+04 -8.316104099105186702e-06
1.808602282282282249e+04 5.888309588148220249e-06
1.811306006006005919e+04 -2.830922685022948974e-06
1.814009729729729588e+04 8.260904235557485937e-06
1.816713453453453258e+04 2.509634134799094292e-06
1.819417177177176927e+04 4.396342182839715925e-06
1.822120900900900961e+04 4.063610804178781717e-06
1.824824624624624630e+04 -9.658294433475666602e-08
1.827528348348348300e+04 4.883215689386390755e-07
1.830232072072071969e+04 -5.165672164796797727e-06
1.832935795795795639e+04 1.814031466499308687e-06
1.835639519519519672e+04 -5.907617402360116277e-06
1.838343243243243342e+04 7.888919848654839451e-06
1.841046966966967011e+04 -4.339011697186656265e-07
1.843750690690690681e+04 7.849590458326494879e-06
1.846454414414414350e+04 0.000000000000000000e+00
1.849158138138138020e+04 1.244450260599875100e-05
1.851861861861861689e+04 2.550733887468792174e-07
1.854565585585585359e+04 -3.488933385676837391e-06
1.857269309309309392e+04 1.349192694002215525e-06
1.859973033033033062e+04 -8.984416326542988822e-06
1.862676756756756731e+04 5.996260476438823914e-06
1.865380480480480401e+04 -5.718194632149087705e-06
1.868084204204204434e+04 1.661019787381004813e-05
1.870787927927928104e+04 -6.883288836369573574e-06
1.873491651651651773e+04 5.933089671983724910e-06
1.876195375375375443e+04 -1.803998019018976206e-06
1.878899099099099112e+04 -1.015299908225996731e-07
1.881602822822822782e+04 1.100577965823068587e-06
1.884306546546546451e+04 -5.273562259760010685e-06
1.887010270270270121e+04 1.829088864836610668e-06
1.889713993993993790e+04 -6.599121484419609597e-06
1.892417717717717824e+04 1.347247402194134908e-05
1.895121441441441493e+04 -1.123012630328842708e-06
1.897825165165165163e+04 1.350750458693246656e-05
1.900528888888888832e+04 0.000000000000000000e+00
1.903232612612612866e+04 6.156002683901340999e-06
1.905936336336336535e+04 8.629594967732113011e-06
1.908640060060060205e+04 -3.332984724176781455e-06
1.911343783783783874e+04 7.613235180919711276e-06
1.914047507507507544e+04 -1.765148788422669565e-05
1.916751231231231213e+04 6.004134469648271825e-06
1.919454954954954883e+04 -4.218410501687011486e-06
1.922158678678678552e+04 1.970861236487081512e-05
1.924862402402402586e+04 3.829062397231070982e-07
1.927566126126126255e+04 1.926160493016011659e-05
1.930269849849849925e+04 -4.715492715379027275e-07
1.932973573573573594e+04 1.602541797350602912e-05
1.935677297297297264e+04 -6.289462470899332261e-06
1.938381021021020933e+04 6.210170133608719838e-07
1.941084744744744603e+04 4.314341334856454224e-06
1.943788468468468272e+04 -1.125449766725462117e-05
1.946492192192191942e+04 1.265376519541707218e-05
1.949195915915915975e+04 -9.295016852196677328e-06
1.951899639639639645e+04 1.766084313525902844e-05
1.954603363363363314e+04 -9.299657684526543107e-06
1.957307087087086984e+04 1.724402722748885169e-05
1.960010810810811017e+04 -9.301743279039531239e-06
1.962714534534534687e+04 2.662086747713829594e-06
1.965418258258258356e+04 -7.780815727041024438e-06
1.968121981981982026e+04 1.815756880961096217e-06
1.970825705705705695e+04 7.679355583783503606e-07
1.973529429429429365e+04 0.000000000000000000e+00
1.976233153153153035e+04 0.000000000000000000e+00
1.978936876876876704e+04 -9.302734595960900559e-06
1.981640600600600737e+04 4.680388852829500969e-06
1.984344324324324407e+04 -3.203917041605534350e-06
1.987048048048048076e+04 2.050221494056341621e-05
1.989751771771771746e+04 0.000000000000000000e+00
1.992455495495495416e+04 6.779169270544536253e-06
1.995159219219219085e+04 2.346735956425747456e-06
1.997862942942942755e+04 9.160862435911728511e-06
2.000566666666666424e+04 2.107149193117819057e-06
2.003270390390390094e+04 1.256858076325924039e-06
2.005974114114114127e+04 -8.960347492495809369e-06
2.008677837837837797e+04 -6.300205041946814504e-06
2.011381561561561466e+04 7.473603207640799264e-06
2.014085285285285136e+04 -1.779991819378825126e-05
2.016789009009009169e+04 7.246834988507515126e-06
2.019492732732732838e+04 -4.579110847664344016e-06
2.022196456456456508e+04 1.362331962661508347e-05
2.024900180180180178e+04 6.493283242229193915e-07
2.027603903903903847e+04 9.538105935032560191e-06
2.030307627627627517e+04 0.000000000000000000e+00
2.033011351351351186e+04 1.476324669938456783e-07
2.035715075075074856e+04 0.000000000000000000e+00
2.038418798798798889e+04 -3.843459443112584309e-06
2.041122522522522559e+04 0.000000000000000000e+00
2.043826246246246228e+04 -7.674068653766312863e-06
2.046529969969969898e+04 4.364978254371739705e-06
2.049233693693693567e+04 6.763355706649524725e-07
2.051937417417417237e+04 1.056624097099920910e-05
2.054641141141140906e+04 1.333091215022000405e-06
2.057344864864864576e+04 7.011075477184960201e-06
2.060048588588588245e+04 3.533945220748972666e-06
2.062752312312312279e+04 -2.299581263742435685e-06
2.065456036036035948e+04 0.000000000000000000e+00
2.068159759759759618e+04 1.334657610400684357e-06
2.070863483483483287e+04 1.773883617184448668e-06
2.073567207207207684e+04 -5.264872264425332891e-06
2.076270930930931354e+04 8.121286047985088689e-06
2.078974654654655023e+04 0.000000000000000000e+00
2.081678378378378693e+04 1.285765355139499127e-05
2.084382102102102363e+04 1.720363037014674779e-06
2.087085825825826032e+04 1.115227400824843867e-06
2.089789549549549702e+04 3.370240221068288686e-06
2.092493273273273371e+04 -2.413720055242568086e-06
2.095196996996997041e+04 7.311378715436794534e-07
2.097900720720720710e+04 -9.279462583129611451e-06
2.100604444444444380e+04 4.036847736321488377e-06
2.103308168168168049e+04 -2.858976316228343273e-06
2.106011891891892083e+04 1.745751376104942224e-05
2.108715615615615752e+04 -6.638552088603244273e-06
2.111419339339339422e+04 9.218071035287233060e-06
2.114123063063063091e+04 -1.141380364040533191e-06
2.116826786786786761e+04 5.294690395623335241e-06
2.119530510510510794e+04 2.177242504552584929e-06
2.122234234234234464e+04 -5.799409324710857424e-06
2.124937957957958133e+04 3.127288516182473300e-06
2.127641681681681803e+04 0.000000000000000000e+00
2.130345405405405472e+04 7.283655570676948531e-06
2.133049129129129142e+04 -4.555337092607414750e-07
2.135752852852852811e+04 1.344808452018642836e-05
2.138456576576576481e+04 -2.721219620324861179e-06
2.141160300300300150e+04 1.238465864777861958e-05
2.143864024024023820e+04 8.009448850269840439e-07
2.146567747747747489e+04 2.835027914286357910e-06
2.149271471471471159e+04 2.701362679804529596e-06
2.151975195195195192e+04 -9.271109546627602876e-06
2.154678918918918862e+04 5.951384216198681973e-07
2.157382642642642531e+04 -9.267124439556035623e-06
2.160086366366366201e+04 7.093765523431405035e-06
2.162790090090090234e+04 -7.126353103339997222e-06
2.165493813813813904e+04 1.997322343767902718e-05
2.168197537537537573e+04 -3.660944953409910032e-06
2.170901261261261243e+04 1.244702145425337520e-05
2.173604984984984912e+04 5.535369940250743975e-06
2.176308708708708582e+04 4.596652243143723333e-07
2.179012432432432252e+04 1.013142688288118277e-05
2.181716156156155921e+04 -2.629246333940883352e-06
2.184419879879879591e+04 3.224295108851356020e-06
2.187123603603603260e+04 -8.116539606492238816e-06
2.189827327327326930e+04 1.102225736044708498e-05
2.192531051051050599e+04 -4.483612804526017637e-06
2.195234774774774269e+04 2.032105792885215579e-05
2.197938498498498666e+04 1.024575529876642216e-06
2.200642222222222335e+04 1.961404443630908613e-05
2.203345945945946005e+04 -2.531312692609591928e-06
2.206049669669669674e+04 1.286753113131463928e-06
2.208753393393393708e+04 4.563167074701780546e-07
2.211457117117117377e+04 -1.929319650066299704e-05
2.214160840840841047e+04 1.501007025909384138e-05
2.216864564564564716e+04 -3.098428814329519420e-05
2.219568288288288386e+04 1.983745511144289968e-05
2.222272012012012055e+04 -6.691616446515201186e-06
2.224975735735735725e+04 2.682662086855022311e-05
2.227679459459459395e+04 1.192696563899785265e-05
2.230383183183183064e+04 1.309743720382848262e-05
2.233086906906906734e+04 -6.828644572868224489e-06
2.235790630630630403e+04 -5.799051298241236923e-06
2.238494354354354073e+04 1.073607188364298798e-05
2.241198078078077742e+04 -2.402735793247085544e-05
2.243901801801801776e+04 6.152595362252678485e-06
2.246605525525525445e+04 -2.124658167148287072e-05
2.249309249249249115e+04 1.841995316092469756e-05
2.252012972972972784e+04 2.511962778077018630e-05
2.254716696696697181e+04 9.717364884164275698e-06
2.257420420420420851e+04 -7.210992611100375583e-06
2.260124144144144520e+04 2.912303282594112523e-05
2.262827867867868190e+04 9.143155204279113134e-06
2.265531591591591859e+04 1.231682169619458157e-05
2.268235315315315529e+04 -2.921586149601238125e-06
2.270939039039039199e+04 -8.636030564216195314e-06
2.273642762762762868e+04 -8.536297195619170923e-06
2.276346486486486538e+04 -3.076623416935517452e-05
2.279050210210210207e+04 1.175998628639962810e-05
2.281753933933933877e+04 -4.665945923460084913e-06
2.284457657657657546e+04 6.476363075525826555e-06
2.287161381381381580e+04 4.797770786076205595e-06
2.289865105105105249e+04 2.329552681719478726e-05
2.292568828828828919e+04 1.118555255649684703e-05
2.295272552552552588e+04 3.079628182726393087e-06
2.297976276276276258e+04 1.306821229283476844e-07
2.300680000000000291e+04 -2.128772524569192291e-05
2.303383723723723961e+04 8.748613205161796123e-07
2.306087447447447630e+04 -2.591880471394758886e-05
2.308791171171171300e+04 1.855313095540724754e-05
2.311494894894894969e+04 -6.206235436340615857e-06
2.314198618618618639e+04 2.828066630717591094e-05
2.316902342342342308e+04 4.070650034921164062e-06
2.319606066066065978e+04 6.673218637725348685e-06
2.322309789789789647e+04 6.820602940716805490e-06
2.325013513513513317e+04 3.596559530638199782e-07
2.327717237237236986e+04 -2.171019245917159528e-06
2.330420960960960656e+04 -3.382495600060205342e-06
2.333124684684684689e+04 4.140184533404709257e-06
2.335828408408408359e+04 -2.281871262488675435e-05
2.338532132132132028e+04 1.516060976112856128e-05
2.341235855855855698e+04 -1.135377329065544503e-05
2.343939579579579731e+04 3.800702558839081226e-05
2.346643303303303401e+04 -3.279115432979846175e-06
2.349347027027027070e+04 4.848885616539665638e-06
2.352050750750750740e+04 -8.543599821980134770e-06
2.354754474474474409e+04 -2.261187256094743162e-06
2.357458198198198079e+04 5.756093197956087200e-06
2.360161921921921748e+04 -3.088651453082122449e-05
2.362865645645645418e+04 5.447180180802918427e-06
2.365569369369369088e+04 -6.526995215957804151e-06
2.368273093093092757e+04 2.722123228013488379e-05
2.370976816816816427e+04 9.003236654936299020e-07
2.373680540540540096e+04 3.252058631998411422e-05
2.376384264264263766e+04 -3.539397660104815170e-06
2.379087987987988163e+04 4.294632722603377399e-06
2.381791711711711832e+04 2.682619604513376838e-06
2.384495435435435502e+04 -5.634822027292133401e-06
2.387199159159159171e+04 -1.379956766253401848e-05
2.389902882882883205e+04 -7.124312305945560432e-06
2.392606606606606874e+04 2.027274509179587055e-05
2.395310330330330544e+04 -5.992225055305728845e-06
2.398014054054054213e+04 1.863889834362897447e-05
2.400717777777777883e+04 2.616584713270164115e-06
2.403421501501501552e+04 1.302584149343445117e-05
2.406125225225225222e+04 -7.477411472834705102e-06
2.408828948948948891e+04 9.645749367714409470e-06
2.411532672672672561e+04 -2.164844433620036819e-05
2.414236396396396231e+04 -3.197171178788095122e-05
2.416940120120119900e+04 -5.364354137443403762e-06
2.419643843843843570e+04 -2.362115319318175890e-05
2.422347567567567239e+04 1.221973860324509622e-05
2.425051291291291273e+04 -1.914965976290401047e-05
2.427755015015014942e+04 4.146199842701389128e-05
2.430458738738738612e+04 1.272074273109491441e-05
2.433162462462462281e+04 2.771294467249179038e-05
2.435866186186186678e+04 6.483774910749356827e-06
2.438569909909910348e+04 3.633593108967092898e-07
2.441273633633634017e+04 -1.286479902213619284e-05
2.443977357357357687e+04 -4.388478268063151664e-05
2.446681081081081356e+04 9.283750877749486679e-07
2.449384804804805026e+04 -1.539388056889161053e-05
2.452088528528528695e+04 3.233200956487229248e-05
2.454792252252252365e+04 -1.064621456484326674e-05
2.457495975975976035e+04 1.517774206154062680e-05
2.460199699699699704e+04 -1.048276430262951926e-05
2.462903423423423374e+04 3.328800883463245165e-05
2.465607147147147043e+04 -1.721278601354263784e-05
2.468310870870870713e+04 -1.579341366090525572e-05
2.471014594594594746e+04 3.171544902881187177e-05
2.473718318318318416e+04 -2.696147738649322902e-05
2.476422042042042085e+04 -6.902596985045663716e-06
2.479125765765765755e+04 -4.526149679480455281e-05
2.481829489489489788e+04 2.256643500672772220e-05
2.484533213213213457e+04 -7.533107107511765001e-06
2.487236936936937127e+04 1.637024342002071328e-05
2.489940660660660797e+04 -2.561974771024970633e-05
2.492644384384384466e+04 -2.537886622074983601e-05
2.495348108108108136e+04 -1.678413262625165299e-05
2.498051831831831805e+04 -1.343040201204864540e-05
2.500755555555555475e+04 -9.665917281510174436e-05
2.503459279279279144e+04 2.796713504084154451e-04
2.506163003003002814e+04 1.701586985790948324e-05
2.508866726726726483e+04 5.185239960832744655e-04
2.511570450450450153e+04 -6.937685121896125160e-05
2.514274174174174186e+04 4.812757054724226967e-04
2.516977897897897856e+04 -1.540665829183227812e-04
2.519681621621621525e+04 1.471213296958554992e-04
2.522385345345345195e+04 1.322397549276696450e-04
2.525089069069068864e+04 2.198567477888154788e-04
2.527792792792792898e+04 3.851524210926048379e-04
2.530496516516516567e+04 7.879356359899120988e-05
2.533200240240240237e+04 1.782514246459038199e-04
2.535903963963963906e+04 6.208988481909466950e-05
2.538607687687687576e+04 2.747590828082991884e-04
2.541311411411411245e+04 -1.452196763871477105e-05
2.544015135135134915e+04 7.976463913593597951e-05
2.546718858858858584e+04 -3.929272858363195257e-05
2.549422582582582254e+04 -7.278506201127091669e-05
2.552126306306305923e+04 -1.076675722996356408e-05
2.554830030030030321e+04 6.804396544865644401e-05
2.557533753753753990e+04 -6.138057554384535551e-05
2.560237477477477660e+04 -1.121586467383519282e-05
2.562941201201201329e+04 3.352824134227212343e-05
2.565644924924924999e+04 3.340845532702512366e-05
2.568348648648648668e+04 -1.247305936360923367e-05
2.571052372372372338e+04 5.056908279083204097e-05
2.573756096096096007e+04 4.208855478898276023e-05
2.576459819819820041e+04 1.846493118390160151e-05
2.579163543543543710e+04 1.238017269356279538e-05
2.581867267267267380e+04 7.952494387848808071e-06
2.584570990990991049e+04 5.240290940533407518e-05
2.587274714714714719e+04 2.706592719389182001e-05
2.589978438438438388e+04 2.461673642289955526e-05
2.592682162162162058e+04 2.327107523575275554e-05
2.595385885885885727e+04 2.954332259894985400e-05
2.598089609609609397e+04 -9.560126528414949419e-06
2.600793333333333430e+04 -4.748663306748031354e-06
2.603497057057057100e+04 4.734811505581362424e-06
2.606200780780780769e+04 -1.311678049607868588e-05
2.608904504504504439e+04 2.095136215753473836e-05
2.611608228228228108e+04 1.061953385265883081e-05
2.614311951951951778e+04 2.380106118584964602e-06
2.617015675675675448e+04 1.747661519383003135e-05
2.619719399399399117e+04 -4.327553738307855372e-06
2.622423123123123514e+04 -5.349671540805684498e-06
2.625126846846847184e+04 6.951625443434410520e-07
2.627830570570570853e+04 5.265923003781687282e-06
2.630534294294294523e+04 5.768047289596806282e-06
2.633238018018018192e+04 -7.636961380044999457e-06
2.635941741741741862e+04 -2.662101922066701177e-06
2.638645465465465531e+04 2.777319090877879530e-07
2.641349189189189201e+04 -2.642483499966016588e-06
2.644052912912912871e+04 9.529553058345403908e-06
2.646756636636636904e+04 1.181244002687736510e-05
2.649460360360360573e+04 1.908654219357243438e-06
2.652164084084084243e+04 -2.119562360249780533e-06
2.654867807807807912e+04 7.596077544237730874e-07
2.657571531531531582e+04 1.588517992460743738e-06
2.660275255255255252e+04 8.831419886419178164e-06
2.662978978978978921e+04 -3.585315329572114239e-06
2.665682702702702591e+04 3.841646839844900926e-06
2.668386426426426624e+04 -2.393290968413486204e-06
2.671090150150150293e+04 5.707523987443187829e-06
2.673793873873873963e+04 -1.071460593263030538e-06
2.676497597597597633e+04 -1.985623508761056385e-06
2.679201321321321302e+04 1.694843186698680121e-07
2.681905045045044972e+04 5.793683878638751431e-07
2.684608768768768641e+04 -7.625234739918081628e-07
2.687312492492492311e+04 -3.946758817557598780e-07
2.690016216216216344e+04 3.017864958768755547e-07
2.692719939939940014e+04 3.082876001528578874e-07
2.695423663663663683e+04 3.908198435801982074e-07
2.698127387387387353e+04 9.562742115100187408e-06
2.700831111111111022e+04 1.251595539747645517e-05
2.703534834834834692e+04 -3.279083408303606287e-06
2.706238558558558361e+04 1.422096087683923203e-06
2.708942282282282031e+04 -2.911297014071671637e-06
2.711646006006005700e+04 1.118622209994833931e-05
2.714349729729729734e+04 -5.537145216542040535e-06
2.717053453453453403e+04 1.312658133033351717e-06
2.719757177177177073e+04 1.038386465781423734e-05
2.722460900900900742e+04 9.435190913254947031e-07
2.725164624624624412e+04 2.369001465390251602e-06
2.727868348348348081e+04 -3.260787579236251594e-06
2.730572072072071751e+04 -2.293280565320788784e-07
2.733275795795795420e+04 3.911183360778273902e-06
2.735979519519519818e+04 6.245823230019331169e-06
2.738683243243243487e+04 -2.125670918226021421e-06
2.741386966966967157e+04 6.230687784063191263e-06
2.744090690690690826e+04 -3.596907382302436203e-06
2.746794414414414496e+04 -5.379806713324672636e-06
2.749498138138138165e+04 3.825994181545668203e-06
2.752201861861861835e+04 2.047618745162521285e-06
2.754905585585585504e+04 9.095346515113989714e-06
2.757609309309309174e+04 9.209344853293700243e-06
2.760313033033033207e+04 3.970791700138515955e-07
2.763016756756756877e+04 -5.300841495361497987e-06
2.765720480480480546e+04 4.745913135263518866e-08
2.768424204204204216e+04 -2.007185164281358507e-06
2.771127927927927885e+04 5.603125565815370928e-06
2.773831651651651555e+04 1.623786740424041624e-06
2.776535375375375224e+04 2.367816848897204705e-07
2.779239099099098894e+04 3.337808903069371833e-06
2.781942822822822927e+04 -4.838102399073035646e-06
2.784646546546546597e+04 4.190857517606833806e-06
2.787350270270270266e+04 -9.407306594316857775e-07
2.790053993993993936e+04 6.542862501280881940e-06
2.792757717717717605e+04 8.044151219637660132e-06
2.795461441441441275e+04 5.525876928398651881e-07
2.798165165165164944e+04 -8.639457898569248906e-07
2.800868888888888614e+04 -6.270910145241751063e-06
2.803572612612613011e+04 5.519173314514763097e-06
2.806276336336336681e+04 1.372623196994101020e-06
2.808980060060060350e+04 1.304960731842030303e-08
2.811683783783784020e+04 4.625097154086644307e-06
2.814387507507507689e+04 -1.202712180758933124e-06
2.817091231231231359e+04 -3.092557722785085187e-06
2.819794954954955028e+04 -5.253367542941852318e-07
2.822498678678678698e+04 -3.293297648142292033e-06
2.825202402402402367e+04 2.835104910655624246e-06
2.827906126126126401e+04 1.464256031827224035e-07
2.830609849849850070e+04 4.044582730904610886e-06
2.833313573573573740e+04 1.759822044436556329e-06
2.836017297297297409e+04 -2.929885923629054491e-06
2.838721021021021079e+04 -1.774005797734010841e-07
2.841424744744744748e+04 1.152107128299220075e-06
2.844128468468468418e+04 -3.800821117240289210e-06
2.846832192192192088e+04 -8.190880201765728236e-06
2.849535915915916121e+04 3.566846254348072689e-06
2.852239639639639790e+04 -1.253388111070714191e-05
2.854943363363363460e+04 2.148137965112167273e-06
2.857647087087087129e+04 3.559331334956117991e-06
2.860350810810810799e+04 -1.606554478337951575e-06
2.863054534534534469e+04 3.280054841165537056e-06
2.865758258258258138e+04 -2.103028974228083833e-06
2.868461981981981808e+04 4.349934785447039355e-06
2.871165705705705477e+04 4.197539955551719391e-06
2.873869429429429510e+04 -5.318977449432812618e-08
2.876573153153153180e+04 7.224625170534005010e-06
2.879276876876876850e+04 4.618597346485754369e-06
2.881980600600600519e+04 -1.476764046616892834e-06
2.884684324324324189e+04 -4.723999714088784429e-07
2.887388048048047858e+04 5.904838336667567768e-06
2.890091771771771528e+04 6.779196126855960845e-07
2.892795495495495197e+04 2.113387730207198365e-06
2.895499219219219231e+04 5.506050228668599502e-06
2.898202942942942900e+04 6.185013060138691920e-06
2.900906666666666570e+04 1.910071007572383894e-06
2.903610390390390239e+04 6.411581928332055797e-06
2.906314114114113909e+04 8.881393147994386209e-06
2.909017837837837578e+04 7.741581599663445099e-07
2.911721561561561248e+04 5.568819862567496188e-06
2.914425285285284917e+04 4.164691825254205183e-06
2.917129009009009314e+04 1.125537201197962162e-05
2.919832732732732984e+04 -2.357561464093977947e-06
2.922536456456456654e+04 -1.374238714836291030e-06
2.925240180180180323e+04 2.653423113103664725e-06
2.927943903903903993e+04 1.630529506675313519e-06
2.930647627627627662e+04 2.346392836180759742e-06
2.933351351351351332e+04 3.897062197518729236e-06
2.936055075075075001e+04 4.503820170619318390e-06
2.938758798798798671e+04 1.750670303583418063e-06
2.941462522522522704e+04 9.288949490963402432e-06
2.944166246246246374e+04 2.463411351136765948e-06
2.946869969969970043e+04 4.066720267811180052e-06
2.949573693693693713e+04 3.197065803296405623e-06
2.952277417417417382e+04 3.727877162773983849e-06
2.954981141141141052e+04 1.429373675497033359e-06
2.957684864864864721e+04 5.656879877936402287e-06
2.960388588588588391e+04 3.546229135252797351e-06
2.963092312312312424e+04 -6.403027929460507595e-06
2.965796036036036094e+04 -2.103815343045317476e-06
2.968499759759759763e+04 3.912225598475367066e-06
2.971203483483483433e+04 4.378697350749858809e-06
2.973907207207207102e+04 4.718350197833101030e-06
2.976610930930930772e+04 -5.071179980222043386e-06
2.979314654654654441e+04 4.403993021189211581e-06
2.982018378378378111e+04 3.943324860584828793e-06
2.984722102102101780e+04 -5.945210140137634167e-07
2.987425825825826178e+04 4.005937181874655679e-06
2.990129549549549847e+04 1.787465963666030607e-06
2.992833273273273517e+04 4.005965827692673978e-06
2.995536996996997186e+04 6.543136469829737515e-06
2.998240720720720856e+04 -1.440225045765268538e-07
3.000944444444444525e+04 4.571144258010690809e-06
3.003648168168168195e+04 5.671415221894446967e-06
3.006351891891891864e+04 5.929354484810333120e-07
3.009055615615615898e+04 2.294462026734377046e-06
3.011759339339339567e+04 4.577152887595467416e-06
3.014463063063063237e+04 -3.830437025483521923e-07
3.017166786786786906e+04 2.866170773713682373e-06
3.019870510510510576e+04 5.266255158300028441e-06
3.022574234234234245e+04 6.432720586647597532e-06
3.025277957957957915e+04 2.118370824848811247e-06
3.027981681681681584e+04 4.046261219913986400e-06
3.030685405405405618e+04 2.778757964527862841e-06
3.033389129129129287e+04 8.662777853102296922e-07
3.036092852852852957e+04 2.867757582625557511e-06
3.038796576576576626e+04 1.145658606227893915e-05
3.041500300300300296e+04 8.061097342690838046e-06
3.044204024024023965e+04 1.646851066301475552e-05
3.046907747747747635e+04 1.519414731033626088e-05
3.049611471471471305e+04 1.594245947755595569e-05
3.052315195195194974e+04 2.683453887710311419e-05
3.055018918918919007e+04 3.268819516225595376e-05
3.057722642642642677e+04 4.032783041056171364e-05
3.060426366366366346e+04 4.191022125512595248e-05
3.063130090090090016e+04 6.714552108005683812e-05
3.065833813813813686e+04 9.131013768334593050e-05
3.068537537537537355e+04 1.087285988266371958e-04
3.071241261261261025e+04 1.335888138778749479e-04
3.073944984984984694e+04 1.583501731340126062e-04
3.076648708708708727e+04 2.012617624221918640e-04
3.079352432432432397e+04 2.228145874719045900e-04
3.082056156156156067e+04 2.680167948719732449e-04
3.084759879879879736e+04 2.815401891020136074e-04
3.087463603603603406e+04 2.790843808277377529e-04
3.090167327327327075e+04 2.915821652604375785e-04
3.092871051051050745e+04 2.688478462080455393e-04
3.095574774774774414e+04 2.591884820538970023e-04
3.098278498498498084e+04 2.290102509971038566e-04
3.100982222222222481e+04 2.108965743585762109e-04
3.103685945945946150e+04 1.664878463609823498e-04
3.106389669669669820e+04 1.630309724201939715e-04
3.109093393393393490e+04 1.430897310704066301e-04
3.111797117117117159e+04 1.185097567741501951e-04
3.114500840840840829e+04 1.120860903777738112e-04
3.117204564564564498e+04 1.049788119254425249e-04
3.119908288288288168e+04 8.317228745772734932e-05
3.122612012012012201e+04 8.604885110014321597e-05
3.125315735735735871e+04 8.128533659205822647e-05
3.128019459459459540e+04 7.026582302787503804e-05
3.130723183183183210e+04 6.275020221030472810e-05
3.133426906906906879e+04 6.192755550426754993e-05
3.136130630630630549e+04 5.427047749898505463e-05
3.138834354354354218e+04 5.576238662563264470e-05
3.141538078078077888e+04 4.853803048026599773e-05
3.144241801801801921e+04 4.869740782733701022e-05
3.146945525525525591e+04 4.342967368703980907e-05
3.149649249249249260e+04 3.769715077673402927e-05
3.152352972972972930e+04 4.116011591233328557e-05
3.155056696696696599e+04 3.076640574093377417e-05
3.157760420420420269e+04 3.295681096340475404e-05
3.160464144144143938e+04 3.271444708693158933e-05
3.163167867867867608e+04 3.347081456467386012e-05
3.165871591591591277e+04 2.874577810168162117e-05
3.168575315315315675e+04 2.119311011666372428e-05
3.171279039039039344e+04 3.021997542515197596e-05
3.173982762762763014e+04 2.767951159549835997e-05
3.176686486486486683e+04 2.979061531478730286e-05
3.179390210210210353e+04 2.409379312532925523e-05
3.182093933933934022e+04 1.986503393717397732e-05
3.184797657657657692e+04 2.727614707672663285e-05
3.187501381381381361e+04 1.966613262998434137e-05
3.190205105105105395e+04 2.020732014010722871e-05
3.192908828828829064e+04 1.421648411769211067e-05
3.195612552552552734e+04 2.105877765469682978e-05
3.198316276276276403e+04 1.961892484287663973e-05
3.201020000000000073e+04 1.824237433499424166e-05
3.210000000000000000e+04 0.0000000000000000000000
